0	1
0	2
0	3
0	4
0	5
0	6
0	7
0	8
0	9
0	10
0	11
0	12
0	13
0	14
0	15
0	16
0	17
0	18
0	19
0	20
0	21
0	22
0	23
0	24
0	25
0	26
0	27
0	28
0	29
0	30
0	31
0	32
0	33
0	34
0	35
0	36
0	37
0	38
0	39
0	40
0	41
0	42
0	43
0	45
0	46
0	47
0	48
0	49
0	50
0	51
0	52
0	53
0	54
0	55
0	56
0	57
0	58
0	59
0	60
0	61
0	62
0	63
0	65
0	66
0	67
0	68
0	69
0	70
0	71
0	72
0	73
0	74
0	75
0	76
0	77
0	78
0	79
0	80
0	81
0	82
0	83
0	84
0	85
0	86
0	87
0	88
0	89
0	90
0	91
0	92
0	93
0	94
0	95
0	96
0	97
0	98
0	99
0	100
0	101
0	102
0	103
0	104
0	105
0	106
0	107
0	108
0	109
0	110
0	111
0	112
0	113
0	114
0	115
0	116
0	117
0	118
0	119
0	120
0	121
0	122
1	0
1	3
1	4
1	5
1	7
1	9
1	23
1	26
1	29
1	30
1	35
1	38
1	40
1	42
1	46
1	56
1	74
1	91
1	93
1	97
1	123
1	124
1	125
1	126
1	127
1	128
1	129
1	130
1	131
1	132
1	133
1	134
1	135
1	136
1	137
1	138
1	139
1	140
1	141
1	142
2	0
2	10
2	12
2	13
2	20
2	29
2	30
2	32
2	33
2	34
2	40
2	45
2	47
2	50
2	55
2	63
2	79
2	84
2	113
2	114
2	143
2	144
2	145
2	146
2	147
2	148
2	149
2	150
2	151
2	152
2	153
2	154
2	155
2	156
2	157
2	158
2	159
2	160
2	161
2	162
2	163
2	164
2	165
2	166
2	167
2	168
2	169
2	170
2	171
2	172
2	173
2	174
2	175
2	176
2	177
2	178
2	179
2	180
2	181
2	182
2	183
2	184
2	185
2	186
2	187
2	188
2	189
2	190
2	191
2	192
2	193
2	194
2	195
2	196
2	197
2	198
2	199
2	200
2	201
2	202
2	203
2	204
2	205
3	0
3	1
3	4
3	6
3	7
3	9
3	11
3	20
3	26
3	27
3	30
3	36
3	38
3	42
3	46
3	49
3	54
3	112
3	116
3	123
3	124
3	143
3	144
3	146
3	148
3	154
3	159
3	191
3	207
3	208
3	209
3	210
3	211
3	212
3	213
3	214
3	215
3	216
3	217
3	218
3	219
3	220
3	221
3	222
3	223
3	224
3	225
3	226
3	227
3	228
3	229
3	230
3	231
3	232
3	233
3	235
3	236
3	237
3	238
3	239
3	240
3	241
3	242
3	243
3	244
3	245
3	246
3	247
3	248
3	250
3	251
3	252
3	253
3	254
3	255
3	256
3	257
3	258
3	259
3	262
3	263
3	264
3	265
3	267
3	268
3	269
3	270
3	271
3	272
3	273
3	275
3	276
3	277
3	278
3	279
3	280
3	281
3	282
3	283
3	284
3	285
3	286
3	288
3	289
3	290
3	291
3	294
3	296
3	297
3	298
3	299
3	300
3	301
3	302
3	303
3	304
3	306
3	308
3	310
3	311
3	312
3	313
3	314
3	317
3	318
3	320
3	321
3	324
3	325
3	326
3	327
3	328
3	329
3	330
3	331
3	332
3	333
3	334
3	335
3	336
3	337
3	339
3	340
3	341
3	342
3	343
3	344
3	345
3	346
3	347
3	349
3	350
3	354
3	355
3	356
3	357
3	358
3	360
3	365
3	366
3	367
3	368
3	369
3	370
3	371
3	372
3	373
3	374
3	375
3	376
3	378
3	380
3	381
3	382
3	383
3	384
3	386
3	387
3	388
3	389
3	391
3	392
3	393
3	394
3	395
3	396
3	397
3	398
3	399
3	400
3	401
3	402
3	403
3	405
3	406
3	407
3	408
3	409
3	410
3	412
3	417
3	418
3	419
3	420
3	421
3	422
3	424
3	426
3	428
3	429
3	430
3	432
3	434
3	435
3	440
3	446
3	448
3	449
3	455
3	457
3	460
3	462
3	463
3	465
3	466
3	469
3	470
3	471
3	473
3	475
3	477
3	479
3	480
3	486
3	488
3	490
3	492
3	493
3	498
3	499
3	500
3	501
3	502
3	505
3	507
3	508
3	509
3	510
3	511
3	512
3	513
3	516
3	519
3	521
3	523
3	525
3	527
3	528
3	529
4	0
4	1
4	3
4	5
4	7
4	9
4	11
4	23
4	26
4	30
4	38
4	42
4	46
4	74
4	91
4	93
4	123
4	124
4	137
4	148
4	530
4	531
4	532
4	533
4	534
4	535
4	536
5	0
5	1
5	4
5	7
5	9
5	11
5	23
5	26
5	29
5	30
5	38
5	40
5	42
5	56
5	74
5	91
5	93
5	97
5	123
5	124
5	125
5	127
5	129
5	130
5	132
5	134
5	135
5	136
5	137
5	138
5	139
5	140
5	274
5	537
5	538
5	539
5	540
5	541
5	543
5	544
5	545
5	546
5	547
5	548
5	549
5	550
5	551
6	0
6	3
6	40
6	44
6	47
6	116
6	347
6	463
6	529
6	552
6	553
6	554
6	555
6	556
6	557
6	558
6	559
6	560
6	561
6	562
6	563
6	564
6	565
6	566
6	567
6	568
6	569
6	570
6	571
6	572
6	573
6	574
6	575
6	577
6	579
6	580
6	581
6	582
6	583
6	584
6	585
6	586
6	587
6	588
6	589
6	590
6	592
6	594
6	595
6	596
6	597
6	598
6	599
6	600
6	601
6	602
6	604
6	605
6	606
6	607
6	608
6	609
6	610
6	611
6	612
6	613
6	614
6	615
6	617
6	618
6	619
7	0
7	1
7	3
7	4
7	5
7	9
7	11
7	16
7	23
7	26
7	29
7	30
7	35
7	36
7	38
7	40
7	42
7	54
7	56
7	58
7	74
7	91
7	93
7	97
7	123
7	124
7	125
7	129
7	130
7	131
7	132
7	133
7	134
7	135
7	136
7	137
7	138
7	139
7	140
7	142
7	144
7	146
7	148
7	149
7	154
7	155
7	159
7	163
7	170
7	181
7	207
7	209
7	212
7	214
7	215
7	218
7	226
7	229
7	230
7	235
7	241
7	246
7	253
7	267
7	268
7	274
7	277
7	279
7	282
7	294
7	301
7	363
7	421
7	424
7	531
7	533
7	538
7	539
7	540
7	542
7	543
7	620
7	622
7	624
7	625
7	626
7	627
7	628
7	630
7	631
7	632
7	633
7	636
7	637
7	638
7	639
7	641
7	642
7	643
7	644
7	645
7	646
7	647
7	649
7	651
7	652
7	653
7	654
7	655
7	656
7	658
7	660
7	661
7	662
7	663
7	664
7	668
7	670
7	671
7	672
7	673
7	675
7	676
7	677
7	678
7	679
7	680
7	681
7	682
7	683
7	684
7	686
7	687
7	688
7	689
7	690
7	691
7	692
7	694
7	695
7	697
7	699
7	700
7	701
7	702
7	703
7	705
7	707
7	708
7	709
7	710
7	712
7	713
7	714
7	716
7	717
7	718
7	719
7	720
7	721
7	722
7	724
7	725
7	726
7	727
7	730
7	731
7	733
7	734
7	735
7	736
7	737
7	738
7	741
7	742
7	743
7	744
7	745
7	746
7	747
7	748
7	749
7	752
7	753
7	754
7	755
7	756
7	757
7	758
7	759
7	760
7	761
7	762
7	763
7	766
7	767
7	768
7	770
7	771
7	772
7	773
7	774
7	775
7	776
7	777
7	779
7	780
7	781
7	783
7	784
7	785
7	786
7	787
7	788
7	789
7	790
7	791
7	792
7	794
7	795
7	796
7	798
7	800
7	801
7	803
7	804
7	805
7	806
7	807
7	811
8	0
8	32
8	61
9	0
9	1
9	3
9	4
9	5
9	7
9	11
9	23
9	26
9	30
9	38
9	40
9	42
9	46
9	54
9	123
9	143
9	148
9	154
9	207
9	363
9	815
9	816
9	817
9	819
9	820
9	821
9	823
10	0
10	2
10	28
10	30
10	33
10	53
10	77
10	79
10	100
10	114
10	176
10	191
10	207
10	652
10	677
10	680
10	697
10	832
10	833
10	834
10	835
10	836
10	837
10	838
10	839
10	840
10	841
10	842
10	843
10	844
10	845
10	846
10	847
10	848
10	849
11	0
11	3
11	4
11	5
11	7
11	9
11	23
11	26
11	29
11	30
11	35
11	38
11	40
11	42
11	46
11	54
11	56
11	74
11	91
11	93
11	97
11	123
11	124
11	125
11	127
11	130
11	132
11	134
11	135
11	136
11	137
11	138
11	139
11	140
11	142
11	148
11	149
11	182
11	214
11	232
11	274
11	421
11	531
11	535
11	539
11	540
11	548
11	550
11	766
11	771
11	806
11	818
11	851
11	853
11	854
11	855
11	857
11	858
11	859
11	860
11	861
11	862
11	863
11	864
11	865
11	866
11	867
11	868
11	869
11	870
11	871
11	872
11	873
11	874
12	0
12	2
12	13
12	14
12	30
12	31
12	35
12	40
12	41
12	43
12	45
12	49
12	51
12	57
12	61
12	64
12	74
12	91
12	160
12	168
12	180
12	183
12	187
12	189
12	195
12	449
12	570
12	652
12	667
12	677
12	703
12	732
12	876
12	877
12	878
12	879
12	880
12	881
12	882
12	883
12	884
12	885
12	887
12	888
12	889
12	890
12	891
12	892
12	893
12	894
12	895
12	896
12	897
12	898
12	899
12	900
12	901
12	902
12	903
12	904
12	905
12	906
12	907
12	908
12	909
12	910
12	911
12	912
12	913
12	914
12	915
12	916
12	917
12	918
12	919
12	920
12	921
12	922
12	923
12	924
12	925
12	926
12	927
12	928
12	929
12	930
12	931
12	932
12	933
12	934
12	935
12	936
12	937
12	938
12	939
12	940
12	941
12	942
12	943
12	944
12	945
12	946
12	947
12	948
12	949
12	950
12	951
12	952
12	953
12	954
12	955
12	956
12	957
13	0
13	2
13	12
13	17
13	19
13	27
13	29
13	30
13	34
13	35
13	37
13	45
13	47
13	49
13	51
13	61
13	67
13	86
13	87
13	88
13	92
13	98
13	105
13	106
13	115
13	118
13	167
13	180
13	185
13	191
13	199
13	387
13	389
13	467
13	620
13	659
13	773
13	878
13	881
13	914
13	916
13	925
13	958
13	959
13	960
13	961
13	962
13	963
13	965
13	966
13	967
13	968
13	969
13	970
13	971
13	972
13	973
13	974
13	975
13	976
13	977
13	978
13	979
13	980
13	981
13	982
13	983
13	984
13	985
13	986
13	987
13	988
13	989
13	990
13	991
13	992
13	993
13	994
13	995
13	996
13	997
13	998
13	999
13	1000
13	1001
13	1002
13	1003
13	1004
13	1005
13	1006
13	1007
13	1008
13	1009
13	1010
13	1011
13	1012
13	1013
13	1014
13	1015
13	1016
13	1017
13	1018
13	1019
13	1020
13	1021
13	1022
13	1023
13	1024
13	1025
13	1026
13	1027
13	1028
13	1029
13	1030
13	1031
13	1032
13	1033
13	1034
13	1035
13	1036
13	1037
13	1038
13	1039
13	1040
13	1041
13	1042
13	1043
13	1044
13	1045
13	1046
13	1047
13	1048
13	1049
13	1050
13	1051
13	1052
13	1053
13	1054
13	1055
13	1056
13	1057
13	1058
13	1059
13	1060
13	1061
13	1062
13	1063
13	1064
13	1065
13	1066
14	0
14	12
14	35
14	143
14	144
14	148
14	156
14	207
14	218
14	237
14	263
14	282
14	283
14	298
14	651
14	1067
14	1068
14	1069
14	1072
14	1074
14	1075
14	1076
14	1077
14	1078
14	1080
14	1081
14	1082
14	1083
14	1084
14	1085
14	1086
14	1087
14	1088
14	1089
14	1090
14	1091
15	0
15	30
15	47
15	49
15	62
15	156
15	159
15	163
15	167
15	183
15	207
15	215
15	280
15	344
15	646
15	703
15	1003
15	1092
15	1093
15	1094
15	1095
15	1096
15	1097
15	1098
15	1099
15	1100
15	1101
15	1102
15	1103
15	1104
15	1105
15	1106
15	1107
15	1108
15	1109
15	1110
15	1111
15	1112
15	1113
15	1114
15	1115
16	0
16	7
16	30
16	35
16	42
16	45
16	232
16	389
16	655
16	677
16	682
16	721
16	766
16	797
16	1116
16	1117
16	1118
16	1119
16	1120
16	1121
16	1122
16	1123
16	1124
16	1125
16	1126
16	1127
16	1128
16	1129
16	1130
16	1131
16	1132
16	1133
16	1134
16	1135
16	1136
16	1137
17	0
17	13
17	18
17	20
17	27
17	30
17	36
17	37
17	45
17	47
17	49
17	50
17	58
17	61
17	68
17	71
17	75
17	83
17	92
17	103
17	109
17	112
17	115
17	143
17	158
17	162
17	169
17	176
17	183
17	189
17	200
17	280
17	315
17	389
17	412
17	433
17	463
17	562
17	587
17	703
17	758
17	765
17	836
17	901
17	903
17	924
17	963
17	974
17	995
17	1004
17	1092
17	1099
17	1102
17	1138
17	1139
17	1140
17	1142
17	1143
17	1144
17	1145
17	1146
17	1147
17	1148
17	1149
17	1150
17	1151
17	1152
17	1153
17	1154
17	1155
17	1156
17	1157
17	1158
17	1159
17	1160
17	1161
17	1162
17	1163
17	1164
17	1165
17	1166
17	1167
17	1168
17	1169
17	1170
17	1171
17	1172
17	1173
17	1174
17	1175
17	1176
17	1177
17	1178
17	1179
17	1180
17	1181
17	1182
17	1183
17	1184
17	1185
17	1186
17	1187
17	1188
17	1189
17	1190
17	1191
17	1192
17	1193
17	1194
17	1195
17	1196
17	1197
17	1198
17	1199
17	1200
17	1201
17	1202
17	1203
17	1204
17	1205
17	1206
17	1207
17	1208
17	1209
17	1210
17	1211
17	1212
17	1213
17	1214
17	1215
17	1216
17	1217
17	1218
17	1219
17	1220
17	1221
17	1222
17	1223
17	1224
17	1225
17	1226
17	1227
17	1228
17	1229
17	1230
17	1231
17	1232
17	1233
17	1234
17	1235
17	1236
17	1237
17	1238
18	0
18	17
18	22
18	27
18	30
18	36
18	45
18	49
18	50
18	58
18	68
18	71
18	75
18	80
18	83
18	103
18	112
18	115
18	189
18	703
18	962
18	1003
18	1096
18	1102
18	1148
18	1160
18	1171
18	1175
18	1178
18	1180
18	1183
18	1191
18	1196
18	1208
18	1218
18	1219
18	1220
18	1226
18	1228
18	1239
18	1240
18	1241
18	1242
18	1243
18	1244
18	1245
18	1246
18	1247
18	1248
18	1249
18	1250
18	1251
18	1252
18	1253
18	1254
18	1255
18	1256
18	1257
18	1258
18	1259
18	1260
18	1261
18	1262
18	1263
18	1264
18	1265
18	1266
18	1267
18	1268
18	1269
18	1270
18	1271
18	1272
18	1273
18	1274
18	1275
18	1276
18	1277
18	1278
18	1279
18	1280
18	1281
18	1282
18	1283
19	0
19	13
19	30
19	45
19	167
19	289
19	908
19	958
19	964
19	965
19	966
19	968
19	975
19	982
19	983
19	992
19	995
19	1009
19	1016
19	1025
19	1036
19	1044
19	1045
19	1046
19	1154
19	1212
19	1284
19	1285
19	1286
19	1287
19	1288
19	1289
19	1290
19	1291
19	1292
19	1293
19	1294
19	1295
19	1296
19	1297
19	1298
19	1299
19	1300
19	1301
20	0
20	2
20	3
20	17
20	27
20	35
20	36
20	37
20	40
20	45
20	47
20	49
20	50
20	52
20	58
20	67
20	68
20	75
20	80
20	83
20	108
20	112
20	116
20	153
20	167
20	171
20	189
20	200
20	234
20	352
20	375
20	412
20	527
20	570
20	667
20	836
20	903
20	962
20	969
20	974
20	995
20	1003
20	1072
20	1139
20	1140
20	1142
20	1143
20	1148
20	1149
20	1156
20	1160
20	1164
20	1166
20	1168
20	1171
20	1172
20	1177
20	1178
20	1179
20	1183
20	1192
20	1207
20	1211
20	1213
20	1219
20	1220
20	1242
20	1269
20	1302
20	1303
20	1304
20	1305
20	1306
20	1307
20	1308
20	1309
20	1310
20	1311
20	1312
20	1313
20	1314
20	1315
20	1316
20	1317
20	1318
20	1319
20	1320
20	1321
20	1322
20	1323
20	1324
20	1325
20	1326
20	1327
20	1328
20	1329
20	1330
20	1331
20	1332
20	1333
20	1335
20	1336
20	1337
20	1338
20	1339
20	1341
20	1342
20	1344
20	1345
20	1346
20	1347
20	1348
20	1350
20	1351
20	1352
20	1353
20	1354
20	1355
20	1356
20	1357
20	1358
20	1359
20	1360
20	1361
20	1362
20	1363
20	1365
20	1368
20	1371
20	1374
20	1375
20	1385
21	0
21	25
21	27
21	30
21	34
21	35
21	49
21	75
21	101
21	153
21	183
21	187
21	191
21	387
21	667
21	680
21	731
21	901
21	904
21	962
21	977
21	996
21	1158
21	1310
21	1351
21	1386
21	1387
21	1388
21	1389
21	1390
21	1391
21	1392
21	1393
21	1394
21	1395
21	1396
21	1397
21	1398
21	1399
21	1400
21	1401
21	1402
21	1403
21	1404
21	1405
21	1406
21	1407
21	1408
22	0
22	18
22	30
22	49
22	115
22	1409
22	1410
22	1411
23	0
23	1
23	4
23	5
23	7
23	9
23	11
23	26
23	30
23	38
23	40
23	42
23	46
23	123
23	818
23	825
23	1412
23	1413
23	1414
23	1415
23	1416
23	1417
23	1419
23	1420
23	1421
23	1422
23	1423
23	1424
23	1425
23	1426
24	0
24	27
24	30
24	35
24	50
24	101
24	112
24	163
24	189
24	191
24	195
24	301
24	1120
24	1253
24	1281
24	1410
24	1428
24	1429
24	1430
24	1431
24	1432
24	1433
24	1434
24	1435
24	1436
24	1437
24	1438
24	1439
24	1440
25	0
25	21
25	40
25	226
25	749
25	909
25	1388
25	1395
25	1396
25	1397
25	1441
25	1442
25	1443
26	0
26	1
26	3
26	4
26	5
26	7
26	9
26	11
26	23
26	29
26	30
26	35
26	38
26	40
26	42
26	45
26	46
26	54
26	56
26	74
26	91
26	97
26	123
26	124
26	134
26	140
26	143
26	154
26	156
26	159
26	207
26	212
26	220
26	241
26	274
26	294
26	535
26	548
26	638
26	658
26	677
26	679
26	694
26	713
26	728
26	742
26	743
26	749
26	756
26	807
26	855
26	1302
26	1446
26	1447
26	1453
26	1455
26	1456
26	1457
26	1458
26	1459
26	1460
26	1461
26	1463
26	1464
26	1466
26	1467
26	1468
26	1471
26	1472
26	1473
26	1476
26	1477
26	1482
26	1487
26	1488
26	1491
26	1492
26	1493
26	1495
26	1496
27	0
27	3
27	13
27	17
27	18
27	20
27	21
27	24
27	30
27	37
27	47
27	49
27	50
27	51
27	58
27	61
27	67
27	68
27	71
27	72
27	75
27	80
27	83
27	87
27	98
27	101
27	108
27	112
27	115
27	116
27	162
27	168
27	183
27	187
27	189
27	191
27	234
27	280
27	295
27	305
27	316
27	319
27	324
27	362
27	378
27	412
27	413
27	415
27	417
27	431
27	433
27	446
27	449
27	467
27	526
27	635
27	659
27	678
27	697
27	703
27	712
27	773
27	783
27	836
27	903
27	924
27	962
27	963
27	974
27	979
27	995
27	999
27	1003
27	1004
27	1005
27	1021
27	1035
27	1057
27	1079
27	1105
27	1139
27	1140
27	1142
27	1143
27	1148
27	1149
27	1150
27	1156
27	1160
27	1163
27	1164
27	1166
27	1168
27	1171
27	1172
27	1175
27	1177
27	1178
27	1179
27	1180
27	1182
27	1185
27	1187
27	1190
27	1192
27	1193
27	1194
27	1195
27	1198
27	1200
27	1201
27	1206
27	1207
27	1208
27	1209
27	1210
27	1213
27	1216
27	1217
27	1218
27	1219
27	1220
27	1222
27	1228
27	1233
27	1242
27	1244
27	1248
27	1249
27	1251
27	1253
27	1271
27	1280
27	1308
27	1309
27	1316
27	1318
27	1331
27	1334
27	1343
27	1346
27	1348
27	1350
27	1352
27	1356
27	1436
27	1437
27	1497
27	1498
27	1499
27	1500
27	1502
27	1503
27	1504
27	1505
27	1506
27	1507
27	1508
27	1509
27	1510
27	1511
27	1512
27	1513
27	1514
27	1515
27	1516
27	1517
27	1518
27	1519
27	1520
27	1521
27	1522
27	1523
27	1524
27	1525
27	1526
27	1527
27	1528
27	1529
27	1530
27	1531
27	1532
27	1533
27	1534
27	1535
27	1536
27	1537
27	1538
27	1539
27	1540
27	1541
27	1542
27	1543
27	1544
27	1545
27	1546
27	1547
27	1548
27	1549
27	1550
27	1551
27	1552
27	1553
27	1554
27	1555
27	1556
27	1557
27	1558
27	1559
27	1560
27	1561
27	1562
27	1563
27	1564
27	1565
27	1566
27	1567
27	1568
27	1569
27	1570
27	1571
27	1572
27	1573
27	1574
27	1575
27	1576
27	1577
27	1578
27	1579
27	1580
27	1581
27	1582
27	1583
27	1584
27	1585
27	1586
27	1587
27	1588
27	1589
27	1590
27	1591
27	1592
27	1593
27	1594
27	1595
27	1596
27	1597
27	1598
27	1599
27	1600
27	1601
27	1602
27	1603
27	1604
27	1605
27	1606
27	1607
27	1608
27	1609
27	1610
27	1611
27	1612
27	1613
27	1614
27	1615
27	1616
27	1617
27	1618
27	1619
27	1620
27	1621
27	1622
27	1623
27	1624
27	1625
27	1626
27	1627
27	1628
27	1629
27	1630
27	1631
27	1632
27	1633
27	1634
27	1635
27	1636
27	1637
27	1638
27	1639
27	1640
27	1641
27	1642
27	1643
27	1644
27	1645
27	1646
27	1647
27	1648
27	1649
27	1650
27	1651
27	1652
27	1653
27	1654
27	1655
27	1656
27	1657
27	1658
27	1659
27	1660
27	1661
27	1662
27	1663
27	1664
27	1665
27	1666
27	1667
27	1668
27	1669
27	1670
27	1671
27	1672
27	1673
27	1674
27	1675
27	1676
27	1677
27	1678
27	1679
27	1680
27	1681
27	1682
28	0
28	10
28	53
28	77
28	1683
28	1684
28	1685
28	1686
28	1687
28	1688
28	1689
28	1690
29	0
29	1
29	2
29	5
29	7
29	11
29	13
29	26
29	30
29	35
29	41
29	42
29	47
29	52
29	54
29	56
29	61
29	66
29	67
29	74
29	76
29	91
29	92
29	102
29	106
29	124
29	135
29	140
29	143
29	148
29	159
29	168
29	169
29	176
29	182
29	185
29	191
29	207
29	212
29	217
29	301
29	620
29	646
29	653
29	662
29	703
29	719
29	722
29	743
29	773
29	783
29	793
29	833
29	854
29	878
29	892
29	908
29	915
29	924
29	969
29	985
29	1011
29	1314
29	1394
29	1521
29	1570
29	1691
29	1692
29	1693
29	1694
29	1695
29	1696
29	1697
29	1698
29	1699
29	1700
29	1701
29	1702
29	1703
29	1705
29	1706
29	1707
29	1708
29	1709
29	1710
29	1711
29	1712
29	1713
29	1714
29	1715
29	1716
29	1717
29	1718
29	1719
29	1720
29	1721
29	1722
29	1723
29	1724
29	1725
29	1726
29	1727
29	1728
29	1729
29	1730
29	1732
29	1733
29	1734
29	1735
29	1736
29	1737
29	1738
29	1739
29	1740
29	1741
29	1742
29	1743
29	1744
29	1745
29	1746
29	1747
29	1748
29	1749
29	1750
29	1751
29	1752
29	1753
29	1754
29	1755
29	1756
29	1757
29	1758
29	1759
29	1760
29	1761
29	1762
29	1763
29	1764
29	1765
29	1766
29	1768
30	0
30	1
30	2
30	3
30	4
30	5
30	7
30	9
30	10
30	11
30	12
30	13
30	15
30	16
30	17
30	18
30	19
30	21
30	22
30	23
30	24
30	26
30	27
30	29
30	31
30	32
30	34
30	35
30	36
30	37
30	38
30	39
30	40
30	41
30	42
30	46
30	47
30	49
30	50
30	52
30	54
30	56
30	57
30	58
30	61
30	62
30	64
30	65
30	66
30	67
30	69
30	70
30	72
30	74
30	75
30	78
30	80
30	82
30	83
30	88
30	89
30	90
30	91
30	93
30	94
30	95
30	97
30	99
30	102
30	103
30	105
30	106
30	108
30	109
30	115
30	116
30	121
30	123
30	124
30	144
30	150
30	159
30	160
30	180
30	182
30	183
30	189
30	195
30	204
30	232
30	287
30	291
30	427
30	437
30	457
30	570
30	653
30	655
30	661
30	677
30	680
30	697
30	703
30	732
30	742
30	744
30	749
30	782
30	836
30	876
30	879
30	881
30	882
30	885
30	887
30	888
30	890
30	892
30	894
30	896
30	897
30	898
30	900
30	901
30	905
30	906
30	907
30	910
30	912
30	913
30	915
30	921
30	923
30	925
30	934
30	935
30	936
30	943
30	944
30	946
30	948
30	952
30	953
30	954
30	956
30	976
30	979
30	1014
30	1042
30	1092
30	1094
30	1097
30	1102
30	1107
30	1142
30	1157
30	1160
30	1163
30	1164
30	1168
30	1177
30	1178
30	1187
30	1188
30	1192
30	1208
30	1242
30	1248
30	1269
30	1280
30	1314
30	1334
30	1403
30	1410
30	1428
30	1501
30	1505
30	1511
30	1528
30	1625
30	1666
30	1729
30	1755
30	1769
30	1770
30	1771
30	1773
30	1774
30	1775
30	1776
30	1777
30	1778
30	1779
30	1780
30	1781
30	1782
30	1783
30	1784
30	1785
30	1786
30	1787
30	1788
30	1789
30	1790
30	1791
30	1792
30	1793
30	1794
30	1795
30	1796
30	1798
30	1800
30	1801
30	1802
30	1803
30	1804
30	1805
30	1806
30	1807
30	1808
30	1809
30	1810
30	1811
30	1812
30	1813
30	1814
30	1815
30	1816
30	1817
30	1818
30	1819
30	1820
30	1821
30	1822
30	1823
30	1824
30	1825
30	1826
30	1827
30	1828
30	1829
30	1830
30	1831
30	1832
30	1833
30	1834
30	1835
30	1836
30	1837
30	1838
30	1839
30	1840
30	1841
30	1842
31	0
31	12
31	30
31	43
31	45
31	61
31	88
31	112
31	120
31	876
31	894
31	901
31	944
31	947
31	1133
31	1778
31	1806
31	1823
31	1843
31	1844
31	1845
31	1846
31	1847
31	1848
31	1849
31	1850
32	0
32	2
32	8
32	30
32	34
32	980
32	1851
32	1852
32	1853
33	0
33	2
33	10
33	79
33	114
34	0
34	2
34	13
34	21
34	30
34	32
34	61
34	63
34	84
34	111
34	119
34	156
34	183
34	191
34	761
34	773
34	889
34	909
34	1170
34	1387
34	1388
34	1389
34	1395
34	1396
34	1397
34	1402
34	1453
34	1852
34	1854
34	1855
34	1856
34	1857
34	1858
35	0
35	1
35	7
35	11
35	12
35	13
35	14
35	16
35	20
35	21
35	24
35	26
35	29
35	30
35	36
35	37
35	38
35	41
35	42
35	43
35	45
35	47
35	49
35	54
35	56
35	61
35	67
35	74
35	92
35	93
35	97
35	102
35	106
35	124
35	134
35	135
35	140
35	142
35	143
35	144
35	146
35	148
35	150
35	153
35	154
35	155
35	156
35	159
35	160
35	162
35	163
35	164
35	167
35	169
35	170
35	179
35	180
35	181
35	182
35	183
35	184
35	185
35	186
35	191
35	194
35	195
35	201
35	207
35	208
35	209
35	210
35	212
35	213
35	214
35	215
35	217
35	219
35	220
35	222
35	226
35	230
35	232
35	235
35	241
35	246
35	262
35	264
35	267
35	277
35	279
35	282
35	301
35	310
35	317
35	344
35	364
35	387
35	404
35	447
35	531
35	562
35	620
35	621
35	622
35	625
35	626
35	630
35	632
35	633
35	634
35	636
35	641
35	646
35	651
35	652
35	653
35	654
35	658
35	659
35	661
35	662
35	677
35	679
35	680
35	682
35	683
35	684
35	685
35	686
35	697
35	703
35	712
35	719
35	721
35	730
35	736
35	740
35	743
35	745
35	748
35	749
35	750
35	753
35	754
35	759
35	768
35	770
35	776
35	818
35	833
35	836
35	855
35	900
35	901
35	903
35	909
35	914
35	924
35	925
35	945
35	948
35	962
35	974
35	977
35	980
35	995
35	996
35	1072
35	1075
35	1082
35	1083
35	1085
35	1087
35	1088
35	1092
35	1094
35	1112
35	1141
35	1143
35	1155
35	1164
35	1187
35	1202
35	1214
35	1302
35	1314
35	1328
35	1331
35	1359
35	1386
35	1391
35	1410
35	1428
35	1444
35	1460
35	1500
35	1505
35	1520
35	1542
35	1557
35	1559
35	1700
35	1736
35	1771
35	1772
35	1783
35	1785
35	1794
35	1801
35	1860
35	1861
35	1862
35	1863
35	1864
35	1865
35	1866
35	1867
35	1868
35	1869
35	1870
35	1871
35	1872
35	1873
35	1875
35	1876
35	1877
35	1878
35	1879
35	1880
35	1881
35	1882
35	1883
35	1884
35	1885
35	1886
35	1887
35	1888
35	1889
35	1890
35	1891
35	1892
35	1893
35	1894
35	1895
35	1897
35	1898
35	1899
35	1900
35	1901
35	1902
35	1903
35	1904
35	1905
35	1906
35	1907
35	1908
35	1909
35	1910
35	1911
35	1912
35	1913
35	1914
35	1915
35	1916
35	1917
35	1918
35	1920
35	1921
35	1922
35	1923
35	1924
35	1925
35	1926
35	1927
35	1928
35	1929
35	1930
35	1931
35	1932
35	1934
35	1935
35	1936
35	1937
35	1938
35	1939
35	1940
35	1941
35	1942
35	1944
35	1945
35	1946
35	1947
35	1948
35	1949
35	1950
35	1951
35	1952
35	1953
35	1954
35	1955
35	1956
35	1957
35	1958
35	1959
35	1960
35	1961
35	1962
35	1963
35	1964
35	1965
35	1966
35	1967
35	1968
35	1969
35	1970
35	1971
35	1972
35	1973
35	1974
35	1975
35	1976
35	1979
35	1980
35	1981
35	1982
35	1983
35	1984
35	1985
35	1986
35	1987
35	1988
35	1989
35	1990
35	1991
35	1992
35	1993
35	1994
35	1995
35	1996
35	1997
35	1998
35	1999
35	2000
35	2002
35	2003
35	2004
35	2005
35	2006
35	2007
35	2008
35	2009
35	2010
35	2011
35	2012
35	2013
35	2014
35	2015
35	2016
35	2018
35	2020
35	2021
35	2022
35	2023
35	2024
35	2025
35	2026
35	2028
35	2029
35	2030
35	2031
35	2032
35	2033
35	2034
35	2035
35	2036
35	2037
35	2038
35	2039
35	2040
35	2041
35	2042
35	2043
35	2044
35	2045
35	2046
35	2047
35	2048
35	2049
35	2050
35	2051
35	2052
35	2053
35	2054
35	2055
35	2056
35	2057
35	2058
35	2059
35	2060
35	2061
35	2062
35	2063
35	2064
35	2065
35	2066
35	2067
35	2068
35	2069
35	2070
35	2071
35	2072
35	2073
35	2074
35	2075
35	2076
35	2077
35	2078
35	2079
35	2080
35	2081
35	2082
35	2083
35	2084
35	2085
35	2086
35	2087
35	2088
35	2089
35	2090
35	2091
35	2092
35	2093
35	2094
35	2095
35	2096
35	2097
35	2098
35	2099
35	2100
35	2101
35	2102
35	2103
35	2104
35	2105
35	2106
35	2107
35	2108
35	2109
35	2110
35	2111
35	2112
35	2113
35	2114
35	2115
35	2116
35	2117
35	2118
35	2119
35	2120
35	2121
35	2122
35	2123
35	2124
35	2125
35	2126
35	2127
35	2128
36	0
36	3
36	7
36	17
36	18
36	20
36	30
36	35
36	40
36	45
36	49
36	67
36	83
36	102
36	103
36	108
36	112
36	115
36	157
36	159
36	189
36	191
36	200
36	202
36	207
36	208
36	215
36	218
36	221
36	223
36	229
36	246
36	252
36	254
36	269
36	273
36	279
36	291
36	295
36	300
36	305
36	322
36	352
36	368
36	370
36	413
36	419
36	420
36	430
36	439
36	446
36	452
36	460
36	474
36	489
36	501
36	527
36	568
36	620
36	631
36	647
36	652
36	680
36	692
36	703
36	719
36	749
36	783
36	794
36	836
36	853
36	918
36	962
36	1057
36	1067
36	1100
36	1142
36	1158
36	1168
36	1170
36	1179
36	1214
36	1239
36	1269
36	1302
36	1304
36	1310
36	1331
36	1339
36	1359
36	1366
36	1369
36	1398
36	1451
36	1510
36	1511
36	1520
36	1530
36	1531
36	1533
36	1536
36	1542
36	1550
36	1552
36	1554
36	1557
36	1584
36	1586
36	1621
36	1632
36	1670
36	1729
36	1775
36	1812
36	1815
36	1872
36	1878
36	1890
36	1911
36	1922
36	1925
36	1929
36	1936
36	1940
36	1955
36	1958
36	1968
36	1972
36	1990
36	1992
36	1998
36	2007
36	2011
36	2015
36	2040
36	2052
36	2058
36	2100
36	2105
36	2118
36	2128
36	2129
36	2130
36	2131
36	2132
36	2133
36	2134
36	2135
36	2136
36	2137
36	2138
36	2139
36	2140
36	2141
36	2142
36	2143
36	2144
36	2145
36	2146
36	2147
36	2148
36	2149
36	2150
36	2151
36	2152
36	2153
36	2154
36	2155
36	2156
36	2157
36	2158
36	2159
36	2160
36	2161
36	2162
36	2163
36	2164
36	2165
36	2166
36	2167
36	2168
36	2169
36	2170
36	2171
36	2172
36	2173
36	2174
36	2175
36	2176
36	2177
36	2178
36	2179
36	2180
36	2181
36	2182
36	2183
36	2184
36	2185
36	2186
36	2187
36	2188
36	2189
36	2190
36	2191
36	2192
36	2193
36	2194
36	2195
36	2196
36	2197
36	2198
36	2199
36	2200
36	2201
36	2202
36	2203
36	2204
36	2205
36	2206
36	2207
36	2208
36	2209
36	2210
36	2211
36	2212
36	2213
36	2214
36	2215
36	2216
36	2217
36	2218
36	2219
36	2220
36	2221
36	2222
36	2223
36	2224
36	2225
36	2226
36	2227
36	2229
36	2230
36	2231
36	2232
36	2233
36	2234
36	2235
36	2236
36	2237
36	2238
36	2239
36	2240
36	2241
36	2242
36	2243
36	2244
36	2245
36	2246
36	2247
36	2248
36	2249
36	2250
36	2251
36	2252
36	2253
36	2254
36	2255
36	2256
36	2257
36	2258
36	2259
36	2260
36	2261
36	2262
36	2263
36	2264
36	2265
36	2266
36	2267
36	2268
36	2269
36	2270
36	2271
36	2272
36	2273
36	2274
36	2275
36	2276
36	2277
36	2278
36	2280
36	2281
36	2282
36	2283
36	2284
36	2285
36	2286
36	2287
36	2288
36	2289
36	2290
36	2291
36	2292
36	2293
36	2294
36	2295
36	2296
36	2297
36	2298
36	2299
36	2300
36	2301
36	2302
36	2303
36	2304
36	2305
36	2306
36	2307
36	2308
36	2309
36	2310
36	2311
36	2312
36	2313
36	2314
36	2315
36	2316
36	2317
36	2318
36	2319
36	2320
36	2321
36	2322
36	2323
36	2324
36	2325
36	2326
36	2327
36	2328
36	2329
36	2330
36	2331
36	2332
36	2333
36	2335
36	2336
36	2337
36	2338
36	2339
36	2340
36	2341
36	2342
36	2343
36	2344
36	2345
36	2346
36	2347
36	2348
36	2349
36	2350
36	2351
36	2352
36	2353
36	2354
36	2355
36	2356
36	2357
36	2358
36	2359
36	2360
36	2361
36	2362
36	2363
36	2364
36	2365
36	2366
36	2367
36	2368
36	2369
36	2370
36	2371
36	2372
36	2373
36	2374
36	2375
36	2376
36	2377
36	2378
36	2379
36	2380
36	2381
36	2382
36	2383
36	2384
36	2385
36	2386
36	2387
36	2388
36	2389
36	2390
36	2391
36	2392
36	2393
36	2394
36	2395
36	2396
36	2397
36	2398
36	2399
36	2400
36	2402
36	2403
36	2404
36	2405
36	2406
36	2407
36	2408
36	2409
36	2410
36	2411
36	2412
36	2413
36	2414
36	2415
36	2417
36	2418
36	2419
36	2420
36	2421
36	2422
36	2423
36	2424
36	2425
36	2426
36	2427
36	2428
36	2429
36	2430
36	2431
36	2432
36	2433
36	2434
36	2435
36	2436
36	2437
36	2438
36	2439
36	2440
36	2441
36	2442
36	2443
36	2444
36	2445
36	2446
36	2447
36	2448
36	2449
36	2450
36	2451
36	2452
36	2453
36	2454
36	2455
36	2456
36	2457
36	2458
36	2459
36	2460
36	2461
36	2462
36	2463
36	2464
36	2465
36	2466
36	2467
36	2468
36	2469
36	2470
36	2471
36	2472
36	2473
36	2474
36	2475
36	2476
36	2477
36	2478
36	2479
36	2480
36	2481
36	2482
36	2483
36	2484
36	2485
36	2486
36	2487
36	2488
36	2489
36	2490
36	2491
36	2492
36	2493
36	2494
36	2495
36	2496
36	2497
36	2498
36	2499
36	2500
36	2501
36	2502
36	2503
36	2504
36	2505
36	2506
36	2507
36	2508
36	2509
36	2510
36	2511
36	2512
36	2513
36	2514
36	2515
36	2516
36	2517
36	2518
36	2519
36	2520
36	2521
36	2522
36	2523
36	2524
36	2525
36	2526
36	2527
36	2528
36	2529
36	2530
36	2531
36	2532
36	2533
36	2534
36	2535
36	2536
36	2537
36	2538
36	2539
36	2540
36	2541
36	2542
36	2543
36	2544
36	2545
36	2546
36	2547
36	2548
36	2549
36	2550
36	2551
36	2552
36	2553
36	2554
36	2555
36	2556
36	2557
36	2558
36	2559
36	2560
36	2561
36	2562
36	2563
36	2564
36	2565
36	2566
36	2567
36	2568
36	2569
36	2570
36	2571
36	2572
36	2573
36	2574
36	2575
36	2576
36	2577
36	2578
36	2579
36	2580
36	2581
36	2582
36	2583
36	2584
36	2585
36	2586
36	2587
36	2588
36	2589
36	2590
36	2591
36	2592
36	2593
36	2594
36	2595
36	2596
36	2597
36	2598
36	2599
36	2600
36	2601
36	2602
36	2603
36	2604
36	2605
36	2606
36	2607
36	2608
36	2609
36	2610
36	2611
36	2612
36	2613
36	2614
36	2615
36	2616
36	2617
36	2618
36	2619
36	2620
36	2621
36	2622
36	2623
36	2624
36	2625
36	2626
36	2627
36	2628
36	2629
36	2630
36	2631
36	2632
36	2633
36	2634
36	2635
36	2636
36	2637
36	2638
36	2639
36	2640
36	2641
36	2642
36	2643
36	2644
36	2645
36	2646
36	2647
36	2648
36	2649
36	2650
36	2651
36	2652
36	2653
36	2654
36	2655
36	2656
36	2657
36	2658
36	2659
36	2660
36	2661
36	2662
36	2663
36	2664
36	2665
36	2666
36	2667
36	2668
36	2669
36	2670
36	2671
36	2672
36	2673
36	2674
36	2675
36	2676
36	2677
36	2678
36	2679
36	2680
36	2681
36	2682
36	2683
36	2684
36	2685
36	2686
36	2687
36	2688
36	2689
36	2690
36	2691
36	2692
36	2693
36	2694
36	2695
36	2696
36	2697
36	2698
36	2699
36	2700
36	2701
36	2702
36	2703
36	2704
36	2705
36	2706
36	2707
36	2708
36	2709
36	2710
36	2711
36	2712
36	2713
36	2714
36	2715
36	2716
36	2717
36	2718
36	2719
36	2720
36	2721
36	2722
36	2723
36	2724
36	2725
36	2726
36	2727
36	2728
36	2729
36	2730
36	2731
36	2732
36	2733
36	2734
36	2735
36	2736
36	2737
36	2738
36	2739
36	2740
36	2741
36	2742
36	2743
36	2744
36	2745
36	2746
36	2747
36	2748
36	2749
36	2750
36	2751
36	2752
36	2753
36	2754
36	2755
36	2756
36	2757
36	2758
36	2759
36	2760
36	2761
36	2762
36	2763
36	2764
36	2765
36	2766
36	2767
36	2768
36	2769
36	2770
36	2771
37	0
37	13
37	17
37	20
37	27
37	30
37	35
37	47
37	49
37	61
37	67
37	68
37	71
37	94
37	109
37	112
37	115
37	168
37	183
37	189
37	280
37	562
37	896
37	935
37	994
37	1004
37	1011
37	1142
37	1147
37	1148
37	1149
37	1157
37	1160
37	1163
37	1165
37	1167
37	1177
37	1178
37	1179
37	1180
37	1190
37	1197
37	1208
37	1213
37	1216
37	1218
37	1310
37	1328
37	1580
37	1587
37	2055
37	2079
37	2088
37	2173
37	2772
37	2773
37	2774
37	2775
37	2776
37	2777
37	2778
37	2779
37	2780
37	2781
37	2782
37	2783
37	2784
37	2785
37	2786
37	2787
37	2788
37	2789
37	2790
37	2791
37	2792
37	2793
37	2794
37	2795
37	2796
37	2797
37	2798
37	2799
38	0
38	1
38	3
38	4
38	5
38	7
38	9
38	11
38	23
38	26
38	30
38	35
38	42
38	93
38	97
38	123
38	134
38	135
38	137
38	140
38	535
38	728
38	1456
38	1466
38	2800
38	2801
38	2802
38	2803
39	0
39	30
39	105
39	1190
40	0
40	1
40	2
40	5
40	6
40	7
40	9
40	11
40	12
40	20
40	23
40	25
40	26
40	30
40	36
40	41
40	42
40	43
40	45
40	46
40	47
40	50
40	51
40	54
40	56
40	58
40	61
40	69
40	71
40	74
40	76
40	103
40	123
40	133
40	135
40	143
40	144
40	146
40	148
40	149
40	150
40	152
40	154
40	155
40	156
40	158
40	159
40	160
40	162
40	163
40	167
40	168
40	170
40	180
40	181
40	182
40	183
40	190
40	191
40	195
40	199
40	207
40	208
40	209
40	210
40	211
40	212
40	213
40	214
40	215
40	217
40	218
40	219
40	220
40	221
40	222
40	223
40	226
40	227
40	229
40	230
40	231
40	232
40	235
40	236
40	237
40	241
40	245
40	246
40	248
40	252
40	253
40	257
40	258
40	260
40	262
40	263
40	264
40	265
40	267
40	272
40	277
40	279
40	281
40	282
40	294
40	298
40	301
40	317
40	336
40	342
40	344
40	358
40	405
40	417
40	531
40	557
40	562
40	563
40	588
40	598
40	620
40	621
40	622
40	623
40	625
40	626
40	628
40	629
40	630
40	632
40	633
40	634
40	636
40	637
40	638
40	641
40	644
40	646
40	647
40	648
40	651
40	653
40	658
40	659
40	661
40	662
40	667
40	668
40	670
40	673
40	674
40	677
40	680
40	683
40	684
40	685
40	686
40	693
40	707
40	714
40	718
40	719
40	721
40	735
40	736
40	743
40	754
40	770
40	800
40	802
40	833
40	854
40	865
40	876
40	901
40	916
40	946
40	947
40	960
40	969
40	970
40	977
40	979
40	980
40	981
40	996
40	1068
40	1069
40	1072
40	1073
40	1074
40	1076
40	1077
40	1078
40	1083
40	1093
40	1094
40	1097
40	1100
40	1117
40	1135
40	1138
40	1140
40	1141
40	1142
40	1157
40	1164
40	1170
40	1202
40	1220
40	1240
40	1242
40	1262
40	1264
40	1326
40	1386
40	1393
40	1410
40	1430
40	1444
40	1446
40	1448
40	1452
40	1453
40	1460
40	1467
40	1489
40	1497
40	1502
40	1511
40	1513
40	1520
40	1521
40	1527
40	1530
40	1557
40	1631
40	1699
40	1703
40	1714
40	1771
40	1772
40	1777
40	1785
40	1791
40	1795
40	1816
40	1859
40	1863
40	1865
40	1867
40	1868
40	1869
40	1873
40	1876
40	1878
40	1879
40	1880
40	1883
40	1884
40	1885
40	1886
40	1890
40	1891
40	1896
40	1906
40	1910
40	1911
40	1912
40	1914
40	1915
40	1917
40	1919
40	1920
40	1922
40	1925
40	1926
40	1932
40	1936
40	1940
40	1945
40	1946
40	1949
40	1951
40	1954
40	1955
40	1959
40	1964
40	1965
40	1970
40	1971
40	1974
40	1986
40	1987
40	1990
40	1994
40	1995
40	1998
40	2001
40	2005
40	2007
40	2008
40	2032
40	2039
40	2048
40	2051
40	2061
40	2062
40	2066
40	2071
40	2077
40	2090
40	2092
40	2101
40	2102
40	2115
40	2130
40	2133
40	2134
40	2156
40	2171
40	2172
40	2177
40	2183
40	2203
40	2206
40	2207
40	2216
40	2217
40	2220
40	2222
40	2225
40	2255
40	2269
40	2276
40	2280
40	2284
40	2288
40	2303
40	2304
40	2308
40	2309
40	2318
40	2331
40	2337
40	2339
40	2347
40	2349
40	2353
40	2368
40	2375
40	2389
40	2398
40	2443
40	2492
40	2508
40	2521
40	2529
40	2539
40	2685
40	2711
40	2720
40	2772
40	2774
40	2776
40	2805
40	2806
40	2807
40	2808
40	2809
40	2810
40	2811
40	2812
40	2813
40	2814
40	2815
40	2816
40	2817
40	2818
40	2819
40	2820
40	2821
40	2822
40	2823
40	2824
40	2825
40	2826
40	2827
40	2828
40	2829
40	2830
40	2831
40	2832
40	2833
40	2834
40	2835
40	2836
40	2837
40	2838
40	2839
40	2840
40	2841
40	2842
40	2843
40	2844
40	2845
40	2846
40	2847
40	2848
40	2849
40	2850
40	2851
40	2852
40	2853
40	2854
40	2855
40	2856
40	2857
40	2858
40	2860
40	2861
40	2862
40	2863
40	2864
40	2865
40	2866
40	2867
40	2868
40	2869
40	2870
40	2871
40	2872
40	2873
40	2874
40	2875
40	2876
40	2877
40	2878
40	2879
40	2880
40	2881
40	2882
40	2883
40	2884
40	2885
40	2886
40	2887
40	2888
40	2889
40	2890
40	2891
40	2892
40	2893
40	2894
40	2895
40	2896
40	2897
40	2898
40	2899
40	2900
40	2901
40	2902
40	2903
40	2904
40	2905
40	2906
40	2907
40	2908
40	2909
40	2910
40	2911
40	2912
40	2913
40	2914
40	2915
40	2916
40	2917
40	2918
40	2919
40	2920
40	2921
40	2922
40	2923
40	2924
40	2925
40	2926
40	2927
40	2928
40	2929
40	2930
40	2931
40	2932
40	2933
40	2934
40	2935
40	2936
40	2937
40	2938
40	2939
40	2940
40	2941
40	2942
40	2943
40	2944
40	2945
40	2946
40	2947
40	2948
40	2949
40	2950
40	2951
40	2952
40	2953
40	2954
40	2955
40	2956
40	2957
40	2958
40	2959
40	2960
40	2961
40	2962
40	2963
40	2964
40	2965
40	2966
40	2967
40	2968
40	2969
40	2970
40	2971
40	2972
40	2973
40	2974
40	2975
40	2976
40	2977
40	2978
40	2979
40	2980
40	2981
40	2982
40	2983
40	2984
40	2985
40	2986
40	2987
40	2988
40	2989
40	2990
40	2991
40	2992
40	2993
40	2994
40	2995
40	2996
40	2997
40	2998
40	2999
40	3000
40	3001
40	3002
40	3004
40	3005
40	3006
40	3007
40	3008
40	3009
40	3010
40	3011
40	3012
40	3013
40	3014
40	3015
40	3016
40	3017
40	3018
40	3019
40	3020
40	3021
40	3022
40	3023
40	3024
40	3025
40	3026
40	3027
40	3028
40	3029
40	3030
40	3031
40	3032
40	3033
40	3034
40	3035
40	3036
40	3037
40	3039
40	3040
40	3041
40	3042
40	3043
40	3044
40	3045
40	3047
40	3048
40	3049
40	3050
40	3051
40	3052
40	3053
40	3054
40	3055
40	3056
40	3057
40	3058
40	3059
40	3060
40	3061
40	3062
40	3063
40	3064
40	3065
40	3066
40	3067
40	3068
40	3069
40	3070
40	3071
40	3072
40	3073
40	3074
40	3075
40	3076
40	3077
40	3078
40	3079
40	3080
40	3081
40	3082
40	3083
40	3084
40	3085
40	3086
40	3087
40	3088
40	3089
40	3090
40	3091
40	3092
40	3093
40	3094
40	3095
40	3096
40	3097
40	3098
40	3099
40	3100
40	3101
40	3102
40	3103
40	3104
40	3105
40	3106
40	3108
40	3109
40	3110
40	3111
40	3112
40	3113
40	3114
40	3115
40	3116
40	3117
40	3118
40	3119
40	3120
40	3121
40	3122
40	3123
40	3124
40	3125
40	3126
40	3127
40	3128
40	3129
40	3130
40	3131
40	3132
40	3133
40	3134
40	3135
40	3136
40	3137
40	3138
40	3139
40	3140
40	3141
40	3142
40	3143
40	3144
40	3145
40	3146
40	3147
40	3148
40	3149
40	3150
40	3151
40	3152
40	3153
40	3154
40	3155
40	3156
40	3157
40	3158
40	3159
40	3160
40	3161
40	3162
40	3164
40	3165
40	3166
40	3167
40	3168
40	3169
40	3170
40	3171
40	3172
40	3173
40	3174
40	3176
40	3177
40	3178
40	3179
40	3180
40	3181
40	3182
40	3183
40	3185
40	3186
40	3187
40	3188
40	3189
40	3190
40	3191
40	3192
40	3193
40	3194
40	3195
40	3196
40	3197
40	3198
40	3199
40	3200
40	3201
40	3202
40	3203
40	3204
40	3205
40	3206
40	3208
40	3209
40	3210
40	3211
40	3212
40	3213
40	3214
40	3215
40	3216
40	3217
40	3218
40	3219
40	3220
40	3221
40	3222
40	3223
40	3224
40	3225
40	3226
40	3227
40	3228
40	3229
40	3230
40	3231
40	3232
40	3233
40	3234
40	3235
40	3236
40	3237
40	3238
40	3239
40	3240
40	3241
40	3242
40	3243
40	3244
40	3245
40	3246
40	3247
40	3248
40	3249
40	3250
40	3251
40	3252
40	3253
40	3254
40	3255
40	3256
40	3257
40	3258
40	3259
40	3260
40	3261
40	3262
40	3263
40	3264
40	3265
40	3266
40	3267
40	3268
40	3269
40	3270
40	3271
40	3272
40	3273
40	3274
40	3275
40	3276
40	3277
40	3278
40	3279
40	3280
40	3281
40	3282
40	3283
40	3284
40	3285
40	3286
40	3287
40	3288
40	3289
40	3290
40	3291
40	3292
40	3293
40	3294
40	3295
40	3296
40	3297
40	3298
40	3299
40	3300
40	3301
40	3302
40	3303
40	3304
40	3305
40	3306
40	3307
40	3308
40	3309
40	3310
40	3311
40	3312
40	3313
40	3314
40	3315
40	3316
40	3317
40	3318
40	3319
40	3320
40	3321
40	3322
40	3323
40	3324
40	3325
40	3326
40	3327
40	3328
40	3329
40	3330
40	3331
40	3332
40	3333
40	3334
40	3335
40	3336
40	3337
40	3338
40	3339
40	3340
40	3341
40	3342
40	3343
40	3344
40	3345
40	3346
40	3347
40	3348
40	3349
40	3350
40	3351
40	3352
40	3353
40	3355
40	3356
40	3357
40	3358
40	3359
40	3360
40	3361
40	3362
40	3363
40	3364
40	3365
40	3366
40	3367
40	3368
40	3369
40	3370
40	3371
40	3372
40	3373
40	3374
40	3375
40	3376
40	3377
40	3378
40	3379
40	3380
40	3381
40	3382
40	3383
40	3384
40	3385
40	3386
40	3387
40	3388
40	3389
40	3390
40	3392
40	3393
40	3394
40	3395
40	3396
40	3397
40	3398
40	3399
40	3400
40	3401
40	3402
40	3404
40	3405
40	3406
40	3407
40	3408
40	3409
40	3410
40	3411
40	3412
40	3413
40	3414
40	3415
40	3416
40	3417
40	3418
40	3419
40	3420
40	3421
40	3422
40	3423
40	3424
40	3425
40	3426
40	3427
40	3428
40	3429
40	3430
40	3431
40	3432
40	3433
40	3434
40	3435
40	3436
40	3437
40	3438
40	3439
40	3440
40	3441
40	3442
40	3443
40	3444
40	3445
40	3446
40	3447
40	3448
40	3449
40	3450
40	3451
40	3452
40	3453
40	3454
40	3455
40	3456
40	3457
40	3458
40	3459
40	3460
40	3461
40	3462
40	3463
40	3464
40	3465
40	3467
40	3468
40	3469
40	3470
40	3471
40	3472
40	3473
40	3474
40	3475
40	3476
40	3477
40	3478
40	3479
40	3480
40	3481
40	3482
40	3483
40	3484
40	3485
40	3486
40	3487
40	3488
40	3489
40	3490
40	3491
40	3492
40	3493
40	3494
40	3495
40	3496
40	3497
40	3498
40	3499
40	3500
40	3501
40	3502
40	3503
40	3504
40	3505
40	3506
40	3507
40	3508
40	3509
40	3510
40	3511
40	3512
40	3513
40	3514
40	3515
40	3516
40	3517
40	3518
40	3519
40	3520
40	3521
40	3522
40	3523
40	3524
40	3525
40	3526
40	3527
40	3528
40	3529
40	3530
40	3531
40	3532
40	3533
40	3534
40	3535
40	3536
40	3537
40	3538
40	3539
40	3540
40	3541
40	3542
40	3543
40	3544
40	3545
40	3546
40	3547
40	3548
40	3549
40	3550
40	3551
40	3552
40	3553
40	3554
40	3555
40	3556
40	3557
40	3558
40	3559
40	3560
40	3561
40	3562
40	3563
40	3564
40	3565
40	3566
40	3567
40	3568
40	3569
40	3570
40	3571
40	3572
40	3573
40	3574
40	3575
40	3576
40	3577
40	3578
40	3579
40	3580
40	3581
40	3582
40	3583
40	3584
40	3585
41	0
41	12
41	29
41	30
41	35
41	40
41	43
41	47
41	51
41	61
41	65
41	703
41	916
41	925
41	947
41	949
41	976
41	979
41	1087
41	1500
41	1765
41	2439
41	3586
41	3587
41	3588
41	3589
41	3590
41	3591
41	3592
41	3593
41	3594
42	0
42	1
42	3
42	4
42	5
42	7
42	9
42	11
42	16
42	23
42	26
42	29
42	30
42	35
42	38
42	40
42	44
42	46
42	54
42	56
42	74
42	91
42	93
42	97
42	123
42	124
42	125
42	129
42	130
42	131
42	133
42	134
42	135
42	137
42	139
42	140
42	142
42	143
42	148
42	149
42	154
42	159
42	162
42	207
42	214
42	215
42	216
42	226
42	235
42	241
42	243
42	253
42	260
42	274
42	296
42	531
42	540
42	622
42	626
42	649
42	652
42	654
42	673
42	677
42	680
42	684
42	692
42	702
42	704
42	707
42	713
42	717
42	721
42	731
42	736
42	738
42	742
42	743
42	745
42	747
42	754
42	756
42	771
42	856
42	925
42	1453
42	1458
42	1468
42	1988
42	2820
42	3063
42	3186
42	3280
42	3474
42	3595
42	3596
42	3597
42	3598
42	3600
42	3601
42	3602
42	3603
42	3605
42	3606
42	3607
42	3608
42	3609
42	3610
42	3611
42	3612
42	3615
42	3619
42	3620
42	3621
42	3622
43	0
43	12
43	31
43	35
43	40
43	41
43	50
43	51
43	61
43	86
43	87
43	88
43	98
43	120
43	121
43	171
43	212
43	620
43	916
43	946
43	947
43	954
43	976
43	979
43	1410
43	3154
43	3623
43	3624
43	3625
43	3626
43	3627
43	3628
43	3629
43	3630
44	6
44	42
44	108
44	116
44	153
44	168
44	169
44	177
44	182
44	190
44	202
44	211
44	212
44	217
44	223
44	231
44	240
44	244
44	255
44	266
44	320
44	347
44	368
44	370
44	378
44	430
44	457
44	493
44	505
44	507
44	514
44	516
44	527
44	562
44	572
44	592
44	601
44	607
44	618
44	659
44	719
44	773
44	834
44	901
44	960
44	987
44	1064
44	1111
44	1122
44	1158
44	1242
44	1264
44	1300
44	1302
44	1501
44	1520
44	1542
44	1568
44	1631
44	1660
44	1702
44	1747
44	1792
44	1815
44	1816
44	1817
44	1879
44	1892
44	1901
44	1955
44	1969
44	1976
44	2000
44	2033
44	2036
44	2040
44	2090
44	2094
44	2098
44	2120
44	2124
44	2129
44	2136
44	2169
44	2177
44	2185
44	2254
44	2263
44	2268
44	2278
44	2284
44	2308
44	2309
44	2337
44	2347
44	2368
44	2369
44	2387
44	2420
44	2434
44	2453
44	2475
44	2483
44	2495
44	2501
44	2510
44	2511
44	2513
44	2519
44	2539
44	2555
44	2575
44	2622
44	2623
44	2647
44	2667
44	2674
44	2711
44	2715
44	2719
44	2727
44	2730
44	2843
44	2849
44	2858
44	2890
44	2921
44	2934
44	2961
44	3000
44	3007
44	3014
44	3052
44	3079
44	3111
44	3135
44	3141
44	3199
44	3200
44	3210
44	3212
44	3242
44	3277
44	3295
44	3331
44	3374
44	3382
44	3391
44	3398
44	3401
44	3433
44	3463
44	3466
44	3496
44	3504
44	3529
44	3536
44	3539
44	3555
44	3558
44	3566
44	3631
44	3632
44	3633
44	3634
44	3635
44	3636
44	3637
44	3638
44	3639
44	3640
44	3641
44	3642
44	3643
44	3644
44	3645
44	3646
44	3647
44	3648
44	3649
44	3650
44	3651
44	3652
44	3653
44	3654
44	3655
44	3656
44	3657
44	3658
44	3659
44	3660
44	3661
44	3662
44	3663
44	3664
44	3665
44	3667
44	3668
44	3669
44	3670
44	3671
44	3672
44	3673
44	3674
44	3675
44	3676
44	3677
44	3678
44	3679
44	3680
44	3681
44	3682
44	3683
44	3684
44	3685
44	3686
44	3687
44	3688
44	3689
44	3690
44	3691
44	3692
44	3693
44	3694
44	3695
44	3696
44	3697
44	3698
44	3699
44	3700
44	3701
44	3702
44	3703
44	3704
44	3705
44	3706
44	3707
44	3708
44	3709
44	3710
44	3711
44	3712
44	3713
44	3714
44	3715
44	3716
44	3717
44	3718
44	3719
44	3720
44	3721
44	3723
44	3724
44	3725
44	3726
44	3727
44	3728
44	3729
44	3730
44	3732
44	3733
44	3734
44	3735
44	3736
44	3737
44	3738
44	3739
44	3740
44	3741
44	3742
44	3743
44	3744
44	3746
44	3747
44	3748
44	3749
44	3750
44	3751
44	3752
44	3753
44	3754
44	3755
44	3756
44	3757
44	3758
44	3759
44	3760
44	3761
44	3762
44	3763
44	3764
44	3765
44	3766
44	3767
44	3768
44	3769
44	3770
44	3771
44	3772
44	3773
44	3774
44	3775
44	3776
44	3778
44	3779
44	3780
44	3781
44	3782
44	3783
44	3784
44	3785
44	3786
44	3787
44	3788
44	3789
44	3790
44	3791
44	3792
44	3793
44	3794
44	3795
44	3796
44	3797
44	3798
44	3799
44	3800
44	3801
44	3802
44	3803
44	3804
44	3805
44	3806
44	3807
44	3808
44	3809
44	3810
44	3811
44	3812
44	3813
44	3814
44	3815
44	3816
44	3817
44	3818
44	3819
44	3820
44	3821
44	3822
44	3823
44	3824
44	3825
44	3826
44	3827
44	3828
44	3829
44	3830
44	3831
44	3832
44	3833
44	3834
44	3835
44	3836
44	3837
44	3838
44	3839
44	3840
44	3841
44	3842
44	3844
44	3845
44	3846
44	3847
44	3848
44	3849
44	3850
44	3851
44	3852
44	3853
44	3854
44	3855
44	3856
44	3857
44	3858
44	3859
44	3860
44	3861
44	3862
44	3863
44	3864
44	3865
44	3866
44	3867
44	3868
44	3869
44	3870
44	3871
44	3872
44	3873
44	3874
44	3875
44	3876
44	3877
44	3878
44	3879
44	3880
44	3881
44	3882
44	3883
44	3884
44	3885
44	3886
44	3887
44	3888
44	3889
44	3890
44	3891
44	3892
44	3893
44	3894
44	3895
44	3896
44	3897
44	3898
44	3899
44	3900
44	3901
44	3902
44	3903
44	3904
44	3905
44	3906
44	3907
44	3908
44	3909
44	3910
44	3911
44	3912
44	3913
44	3914
44	3915
44	3916
44	3917
44	3918
44	3919
44	3920
44	3921
44	3922
44	3923
44	3924
44	3925
44	3926
44	3927
44	3928
44	3929
44	3930
44	3931
44	3932
44	3933
44	3934
44	3935
44	3936
44	3937
44	3938
44	3939
44	3940
44	3941
44	3942
44	3943
44	3944
44	3945
44	3946
44	3947
44	3948
44	3949
44	3950
44	3951
44	3952
44	3953
44	3954
44	3955
44	3956
44	3957
44	3958
44	3959
44	3960
44	3961
44	3962
44	3963
44	3964
44	3965
44	3966
44	3967
44	3968
44	3969
44	3970
44	3971
44	3972
44	3973
44	3974
44	3975
44	3976
44	3977
44	3978
44	3979
44	3980
44	3981
44	3982
44	3983
44	3984
44	3985
44	3986
44	3987
44	3988
44	3989
44	3990
44	3991
44	3992
44	3993
44	3994
44	3995
44	3996
44	3997
44	3998
44	3999
44	4000
44	4001
44	4002
44	4003
44	4004
44	4005
44	4006
44	4007
44	4008
44	4009
44	4010
44	4011
44	4012
44	4013
44	4014
44	4015
44	4016
44	4017
44	4018
44	4019
44	4020
44	4021
44	4022
44	4023
44	4024
44	4025
44	4026
44	4027
44	4028
44	4029
44	4030
44	4031
44	4032
44	4033
44	4034
44	4035
44	4036
44	4037
44	4038
44	4039
44	4040
44	4041
44	4042
44	4043
44	4044
44	4045
44	4046
44	4047
44	4048
44	4049
44	4050
44	4051
44	4052
44	4053
44	4054
44	4055
44	4056
44	4057
44	4058
44	4059
44	4060
44	4061
44	4062
44	4063
44	4064
44	4065
44	4066
44	4067
44	4068
44	4069
44	4070
44	4071
44	4072
44	4073
44	4074
44	4075
44	4076
44	4077
44	4078
44	4079
44	4080
44	4081
44	4082
44	4083
44	4084
44	4085
44	4086
44	4087
44	4088
44	4089
44	4090
44	4091
44	4092
44	4093
44	4094
44	4095
44	4096
44	4097
44	4098
44	4099
44	4100
44	4101
44	4102
44	4103
44	4104
44	4105
44	4106
44	4107
44	4108
44	4109
44	4110
44	4111
44	4112
44	4113
44	4114
44	4115
44	4116
44	4117
44	4118
44	4119
44	4120
44	4121
44	4122
44	4123
44	4124
44	4125
44	4126
44	4127
44	4128
44	4129
44	4130
44	4131
44	4132
44	4133
44	4134
44	4135
44	4136
44	4137
44	4138
44	4139
44	4140
44	4141
44	4142
44	4143
44	4144
44	4145
44	4146
44	4148
44	4149
44	4150
44	4151
44	4152
44	4153
44	4154
44	4155
44	4156
44	4157
44	4158
44	4159
44	4160
44	4161
44	4162
44	4163
44	4164
44	4165
44	4166
44	4167
44	4168
44	4169
44	4170
44	4171
44	4172
44	4173
44	4174
44	4175
44	4176
44	4177
44	4178
44	4179
44	4180
44	4181
44	4182
44	4183
44	4184
44	4185
44	4186
44	4187
44	4188
44	4189
44	4190
44	4191
44	4192
44	4193
44	4194
44	4195
44	4196
44	4197
44	4198
44	4199
44	4200
44	4201
44	4202
44	4203
44	4204
44	4205
44	4206
44	4207
44	4208
44	4209
44	4210
44	4211
44	4212
44	4213
44	4214
44	4215
44	4216
44	4217
44	4218
44	4219
44	4220
44	4221
44	4222
44	4223
44	4224
44	4225
44	4226
44	4227
44	4228
44	4229
44	4230
44	4231
44	4232
44	4233
44	4234
44	4235
44	4236
44	4237
44	4238
44	4239
44	4240
44	4241
44	4242
44	4243
44	4244
44	4245
44	4246
44	4247
44	4248
44	4249
44	4250
44	4251
44	4252
44	4253
44	4254
44	4255
44	4256
44	4257
44	4258
44	4259
44	4260
44	4261
44	4262
44	4263
44	4264
44	4265
44	4266
44	4267
44	4268
44	4269
44	4270
44	4271
44	4272
44	4273
44	4274
44	4275
44	4276
44	4277
44	4278
44	4279
44	4280
44	4281
44	4282
44	4283
44	4284
44	4285
44	4286
44	4287
44	4288
44	4289
44	4290
44	4291
44	4292
44	4293
44	4294
44	4295
44	4296
44	4297
44	4298
44	4299
44	4300
44	4301
44	4302
44	4303
44	4304
44	4305
44	4306
44	4307
44	4308
44	4309
44	4310
44	4311
44	4312
44	4313
44	4314
44	4315
44	4316
44	4317
44	4318
44	4319
44	4320
44	4321
44	4322
44	4323
44	4324
44	4325
44	4326
44	4327
44	4328
44	4329
44	4330
44	4331
44	4332
44	4333
44	4334
44	4335
44	4336
44	4337
44	4338
44	4339
44	4340
44	4341
44	4342
44	4343
44	4344
44	4345
44	4346
44	4347
44	4348
44	4349
44	4350
44	4351
44	4352
44	4353
44	4354
44	4355
44	4356
44	4357
44	4358
44	4359
44	4360
44	4361
44	4362
44	4363
44	4364
44	4365
44	4366
44	4367
44	4368
44	4369
44	4370
44	4371
44	4372
44	4373
44	4374
44	4375
44	4376
44	4377
44	4378
44	4379
44	4380
44	4381
44	4382
44	4383
44	4384
44	4385
44	4386
44	4387
44	4388
44	4389
44	4390
44	4391
44	4392
44	4393
44	4394
44	4395
44	4396
44	4397
44	4398
44	4399
44	4400
44	4401
44	4402
44	4403
44	4404
44	4405
44	4406
44	4407
44	4408
44	4409
44	4410
44	4411
44	4412
44	4413
44	4414
44	4415
44	4416
44	4417
44	4418
44	4419
44	4420
44	4421
44	4422
44	4423
44	4424
44	4425
44	4426
44	4427
44	4428
44	4429
44	4430
44	4431
44	4432
44	4433
44	4434
44	4435
44	4436
44	4437
44	4438
44	4439
44	4440
44	4441
44	4442
44	4443
44	4444
44	4445
44	4446
44	4447
44	4448
44	4449
44	4450
44	4451
44	4452
44	4453
44	4454
44	4455
44	4456
44	4457
44	4458
44	4459
44	4460
44	4461
44	4462
44	4463
44	4464
44	4465
44	4466
44	4467
44	4468
44	4469
44	4470
44	4471
44	4472
44	4473
44	4474
44	4475
44	4476
44	4477
44	4478
44	4479
44	4480
44	4481
44	4482
44	4483
44	4484
44	4485
44	4486
44	4487
44	4488
44	4489
44	4490
44	4491
44	4492
44	4493
44	4494
44	4495
44	4496
44	4497
44	4498
44	4499
44	4500
44	4501
44	4502
44	4503
44	4504
44	4505
44	4506
44	4507
44	4508
44	4509
44	4510
44	4511
44	4512
44	4513
44	4514
44	4515
44	4516
44	4517
44	4518
44	4519
44	4520
44	4521
44	4522
44	4523
44	4524
44	4525
44	4526
44	4527
44	4528
44	4529
44	4530
44	4531
45	0
45	2
45	12
45	13
45	16
45	17
45	18
45	19
45	20
45	26
45	31
45	35
45	36
45	40
45	49
45	50
45	52
45	57
45	58
45	61
45	74
45	78
45	83
45	93
45	115
45	146
45	150
45	158
45	159
45	160
45	174
45	180
45	183
45	187
45	189
45	195
45	201
45	207
45	210
45	235
45	298
45	636
45	652
45	667
45	677
45	680
45	876
45	879
45	880
45	881
45	882
45	885
45	887
45	888
45	890
45	892
45	894
45	897
45	898
45	900
45	901
45	905
45	906
45	910
45	912
45	913
45	915
45	920
45	921
45	923
45	928
45	934
45	935
45	936
45	944
45	945
45	946
45	952
45	953
45	955
45	1014
45	1083
45	1094
45	1100
45	1107
45	1142
45	1157
45	1192
45	1237
45	1314
45	1528
45	1717
45	1742
45	1773
45	1774
45	1776
45	1777
45	1778
45	1780
45	1782
45	1786
45	1788
45	1794
45	1800
45	1803
45	1806
45	1808
45	1819
45	1820
45	1827
45	1828
45	1836
45	1839
45	1843
45	1845
45	1878
45	1891
45	1898
45	1981
45	1999
45	2007
45	2038
45	2046
45	3504
45	3511
45	3784
45	3946
45	4532
45	4533
45	4534
45	4535
45	4536
45	4537
45	4538
45	4539
45	4540
45	4541
45	4542
45	4543
45	4544
45	4545
45	4546
45	4547
45	4548
45	4549
45	4550
45	4551
45	4552
45	4553
45	4554
45	4555
45	4556
45	4557
45	4558
45	4559
45	4560
45	4561
45	4562
45	4563
46	0
46	1
46	3
46	4
46	9
46	11
46	23
46	26
46	30
46	40
46	42
46	123
46	148
46	214
46	4564
46	4565
47	0
47	2
47	6
47	13
47	15
47	17
47	20
47	27
47	29
47	30
47	35
47	37
47	40
47	41
47	49
47	51
47	61
47	65
47	66
47	67
47	68
47	70
47	76
47	80
47	98
47	163
47	191
47	207
47	562
47	667
47	969
47	985
47	1011
47	1104
47	1170
47	1177
47	1182
47	1202
47	1458
47	1580
47	1587
47	1610
47	1634
47	1717
47	1720
47	1752
47	2988
47	3142
47	3518
47	4566
47	4567
47	4568
47	4569
47	4570
47	4571
47	4572
47	4573
47	4574
47	4575
47	4576
47	4577
47	4578
47	4579
47	4580
47	4581
47	4582
47	4583
47	4584
47	4585
47	4586
47	4587
47	4588
47	4589
47	4590
47	4591
47	4592
47	4593
47	4594
47	4595
47	4596
47	4597
47	4598
47	4599
47	4600
47	4601
47	4602
47	4603
47	4604
47	4605
47	4606
48	0
48	77
48	4607
48	4608
48	4609
48	4610
49	0
49	3
49	12
49	13
49	15
49	17
49	18
49	20
49	21
49	22
49	27
49	30
49	35
49	36
49	37
49	45
49	47
49	50
49	51
49	54
49	58
49	61
49	68
49	69
49	71
49	75
49	80
49	83
49	98
49	101
49	102
49	103
49	104
49	108
49	109
49	112
49	115
49	116
49	159
49	162
49	168
49	169
49	180
49	185
49	189
49	190
49	191
49	200
49	207
49	232
49	254
49	280
49	295
49	319
49	320
49	324
49	353
49	362
49	378
49	386
49	412
49	415
49	417
49	430
49	431
49	446
49	454
49	467
49	474
49	481
49	484
49	485
49	526
49	631
49	659
49	663
49	678
49	680
49	703
49	712
49	721
49	730
49	743
49	783
49	818
49	836
49	881
49	903
49	909
49	918
49	924
49	934
49	962
49	963
49	974
49	979
49	980
49	992
49	995
49	1003
49	1004
49	1005
49	1011
49	1017
49	1029
49	1057
49	1072
49	1096
49	1097
49	1099
49	1100
49	1102
49	1105
49	1109
49	1139
49	1140
49	1142
49	1143
49	1147
49	1148
49	1149
49	1150
49	1153
49	1154
49	1156
49	1159
49	1160
49	1161
49	1162
49	1163
49	1164
49	1168
49	1170
49	1171
49	1172
49	1175
49	1179
49	1180
49	1182
49	1183
49	1185
49	1186
49	1190
49	1191
49	1192
49	1194
49	1197
49	1199
49	1200
49	1207
49	1208
49	1209
49	1211
49	1212
49	1213
49	1214
49	1217
49	1218
49	1219
49	1220
49	1228
49	1232
49	1241
49	1242
49	1248
49	1249
49	1251
49	1253
49	1264
49	1271
49	1273
49	1277
49	1282
49	1300
49	1308
49	1309
49	1310
49	1315
49	1316
49	1317
49	1324
49	1333
49	1334
49	1339
49	1343
49	1344
49	1356
49	1361
49	1387
49	1410
49	1497
49	1498
49	1499
49	1500
49	1501
49	1503
49	1504
49	1506
49	1511
49	1515
49	1519
49	1521
49	1523
49	1525
49	1526
49	1528
49	1531
49	1532
49	1533
49	1535
49	1536
49	1538
49	1540
49	1541
49	1542
49	1544
49	1546
49	1553
49	1554
49	1557
49	1558
49	1559
49	1562
49	1563
49	1570
49	1573
49	1574
49	1578
49	1579
49	1581
49	1586
49	1587
49	1599
49	1600
49	1604
49	1607
49	1608
49	1609
49	1614
49	1615
49	1628
49	1629
49	1631
49	1633
49	1634
49	1639
49	1640
49	1641
49	1646
49	1647
49	1650
49	1651
49	1663
49	1665
49	1668
49	1675
49	1693
49	1700
49	1725
49	1751
49	1757
49	1771
49	1799
49	1814
49	1861
49	1890
49	1919
49	1937
49	1940
49	1968
49	1994
49	1999
49	2024
49	2043
49	2079
49	2090
49	2093
49	2102
49	2108
49	2173
49	2180
49	2189
49	2203
49	2243
49	2244
49	2245
49	2255
49	2282
49	2298
49	2306
49	2314
49	2318
49	2323
49	2359
49	2371
49	2387
49	2396
49	2397
49	2427
49	2432
49	2436
49	2439
49	2453
49	2469
49	2495
49	2536
49	2556
49	2605
49	2664
49	2726
49	2767
49	2772
49	2778
49	2786
49	2790
49	2934
49	2987
49	2988
49	2994
49	3097
49	3132
49	3149
49	3198
49	3211
49	3334
49	3417
49	3624
49	3682
49	3715
49	3924
49	3961
49	3979
49	4048
49	4085
49	4087
49	4171
49	4244
49	4293
49	4438
49	4547
49	4548
49	4611
49	4612
49	4613
49	4614
49	4615
49	4616
49	4617
49	4618
49	4619
49	4620
49	4621
49	4622
49	4623
49	4624
49	4625
49	4626
49	4627
49	4628
49	4629
49	4630
49	4631
49	4632
49	4633
49	4634
49	4635
49	4636
49	4637
49	4638
49	4639
49	4640
49	4641
49	4642
49	4643
49	4644
49	4645
49	4646
49	4647
49	4649
49	4650
49	4651
49	4652
49	4653
49	4654
49	4655
49	4656
49	4657
49	4658
49	4659
49	4660
49	4661
49	4662
49	4663
49	4664
49	4665
49	4666
49	4667
49	4668
49	4669
49	4670
49	4671
49	4672
49	4673
49	4674
49	4675
49	4676
49	4677
49	4678
49	4679
49	4680
49	4681
49	4682
49	4683
49	4684
49	4685
49	4686
49	4687
49	4688
49	4689
49	4690
49	4691
49	4692
49	4693
49	4694
49	4695
49	4696
49	4697
49	4698
49	4699
49	4700
49	4701
49	4702
49	4703
49	4704
49	4705
49	4706
49	4707
49	4708
49	4709
49	4710
49	4711
49	4712
49	4713
49	4714
49	4715
49	4716
49	4717
49	4718
49	4719
49	4720
49	4721
49	4722
49	4723
49	4724
49	4725
49	4726
49	4727
49	4728
49	4729
49	4730
49	4731
49	4732
49	4733
49	4734
49	4735
49	4736
49	4737
49	4738
49	4739
49	4740
49	4741
49	4742
49	4743
49	4744
49	4745
49	4746
49	4747
49	4748
49	4749
49	4750
49	4751
49	4752
49	4753
49	4754
49	4755
49	4756
49	4757
49	4758
49	4759
49	4760
49	4761
49	4762
49	4763
49	4764
49	4765
49	4766
49	4767
49	4768
49	4769
49	4770
49	4771
49	4772
49	4773
49	4774
49	4775
49	4776
49	4777
49	4778
49	4779
49	4780
49	4781
49	4782
49	4783
49	4784
49	4785
49	4786
49	4787
49	4788
49	4789
49	4790
49	4791
49	4792
49	4793
49	4794
49	4795
49	4796
49	4797
49	4798
49	4799
49	4800
49	4801
49	4802
49	4803
49	4804
49	4805
49	4806
49	4807
49	4808
49	4809
49	4810
49	4811
49	4812
49	4813
49	4814
49	4815
49	4816
49	4817
49	4818
49	4819
49	4820
49	4821
49	4822
49	4823
49	4824
49	4825
49	4826
49	4827
49	4828
49	4829
49	4830
49	4831
49	4832
49	4833
49	4834
49	4835
49	4836
49	4837
49	4838
49	4839
50	0
50	2
50	17
50	18
50	20
50	24
50	27
50	30
50	40
50	43
50	45
50	49
50	58
50	68
50	71
50	72
50	75
50	83
50	92
50	101
50	112
50	115
50	120
50	147
50	161
50	167
50	168
50	174
50	175
50	182
50	183
50	185
50	189
50	191
50	195
50	201
50	446
50	633
50	818
50	915
50	918
50	963
50	969
50	995
50	1096
50	1102
50	1140
50	1160
50	1161
50	1162
50	1171
50	1179
50	1190
50	1192
50	1208
50	1211
50	1219
50	1220
50	1232
50	1242
50	1244
50	1248
50	1253
50	1269
50	1282
50	1302
50	1350
50	1410
50	1437
50	1528
50	1540
50	1544
50	1553
50	1555
50	1583
50	1601
50	1631
50	1634
50	1641
50	1786
50	1794
50	1895
50	2105
50	2173
50	2229
50	2712
50	3211
50	3398
50	3399
50	4283
50	4404
50	4559
50	4629
50	4639
50	4664
50	4687
50	4692
50	4746
50	4769
50	4819
50	4840
50	4841
50	4842
50	4843
50	4844
50	4845
50	4846
50	4848
50	4849
50	4850
50	4851
50	4852
50	4853
50	4854
50	4855
50	4856
50	4857
50	4858
50	4859
50	4860
50	4861
50	4862
50	4863
50	4864
50	4865
50	4866
50	4867
50	4868
50	4869
50	4870
51	0
51	12
51	13
51	27
51	40
51	41
51	43
51	47
51	49
51	61
51	67
51	86
51	87
51	92
51	98
51	103
51	105
51	106
51	118
51	121
51	171
51	188
51	191
51	620
51	622
51	703
51	743
51	916
51	925
51	947
51	967
51	976
51	979
51	985
51	1158
51	1192
51	1214
51	1319
51	1321
51	1325
51	1588
51	3021
51	3590
51	3616
51	3626
51	4542
51	4619
51	4871
51	4872
51	4873
51	4874
51	4875
51	4876
51	4877
51	4878
51	4879
51	4880
51	4881
51	4882
51	4883
51	4884
52	0
52	20
52	29
52	30
52	45
52	67
52	102
52	185
52	570
52	908
52	969
52	1014
52	1570
52	1693
52	1696
52	1697
52	1698
52	1702
52	1706
52	1707
52	1708
52	1710
52	1711
52	1714
52	1716
52	1717
52	1721
52	1728
52	1730
52	1742
52	1744
52	1755
52	1756
52	1760
52	1762
52	1768
52	2229
52	2555
52	4885
52	4886
52	4887
52	4888
52	4889
52	4890
52	4891
52	4892
52	4893
52	4894
52	4895
52	4897
52	4898
52	4899
52	4900
53	0
53	10
53	28
53	60
53	77
53	1683
53	1685
53	1686
53	1687
53	1690
53	4607
53	4901
54	0
54	3
54	7
54	9
54	11
54	26
54	29
54	30
54	35
54	40
54	42
54	49
54	74
54	91
54	277
54	677
54	749
54	761
54	4902
54	4903
54	4904
54	4905
55	0
55	2
55	63
55	172
56	0
56	1
56	5
56	7
56	11
56	26
56	29
56	30
56	35
56	40
56	42
56	74
56	91
56	93
56	124
56	130
56	132
56	133
56	134
56	135
56	138
56	139
56	140
56	142
56	148
56	274
56	421
56	438
56	535
56	539
56	540
56	546
56	717
56	731
56	2556
56	4906
56	4907
56	4908
57	0
57	12
57	30
57	45
57	4909
58	0
58	7
58	17
58	18
58	20
58	27
58	30
58	40
58	45
58	49
58	50
58	68
58	71
58	75
58	80
58	83
58	103
58	105
58	112
58	115
58	189
58	191
58	677
58	1003
58	1096
58	1102
58	1160
58	1178
58	1180
58	1183
58	1186
58	1196
58	1201
58	1208
58	1211
58	1218
58	1219
58	1220
58	1226
58	1240
58	1242
58	1245
58	1248
58	1257
58	1258
58	1259
58	1269
58	1271
58	1273
58	1283
58	1526
58	1540
58	1639
58	2439
58	2894
58	3002
58	3425
58	4631
58	4673
58	4705
58	4718
58	4911
58	4912
59	0
59	60
59	4913
59	4914
59	4915
59	4916
59	4917
60	0
60	53
60	59
60	77
60	1688
60	4607
60	4608
60	4918
60	4919
60	4920
60	4921
61	0
61	8
61	12
61	13
61	17
61	27
61	29
61	30
61	31
61	34
61	35
61	37
61	40
61	41
61	43
61	45
61	47
61	49
61	51
61	67
61	72
61	86
61	92
61	112
61	121
61	162
61	168
61	171
61	183
61	189
61	200
61	703
61	889
61	894
61	900
61	907
61	916
61	925
61	947
61	949
61	954
61	967
61	976
61	979
61	1109
61	1160
61	1177
61	1199
61	1580
61	1610
61	2777
61	3625
61	3626
61	3627
61	4922
61	4923
61	4924
61	4925
61	4926
61	4927
61	4928
62	0
62	15
62	30
62	156
62	163
62	183
62	185
62	207
62	703
62	836
62	1095
62	1099
62	1103
62	1108
62	1115
62	1168
62	1310
62	2251
62	3732
62	4929
62	4930
63	0
63	2
63	34
63	55
63	172
64	12
64	30
64	921
65	0
65	30
65	41
65	47
65	70
65	191
65	212
65	1170
65	1575
65	1610
65	1747
65	3830
65	4583
65	4588
65	4931
65	4932
65	4933
65	4934
66	0
66	29
66	30
66	47
66	92
66	106
66	967
66	987
66	1324
66	1580
66	1700
66	4300
66	4935
66	4936
66	4937
66	4938
66	4939
66	4940
66	4941
66	4942
66	4943
67	0
67	13
67	20
67	27
67	29
67	30
67	35
67	36
67	37
67	47
67	51
67	52
67	61
67	75
67	80
67	86
67	87
67	92
67	98
67	102
67	105
67	106
67	112
67	118
67	143
67	153
67	162
67	169
67	171
67	175
67	178
67	185
67	210
67	214
67	620
67	696
67	743
67	773
67	875
67	878
67	903
67	908
67	916
67	969
67	974
67	976
67	979
67	985
67	995
67	1011
67	1017
67	1026
67	1037
67	1042
67	1087
67	1092
67	1139
67	1148
67	1156
67	1157
67	1159
67	1164
67	1166
67	1168
67	1177
67	1308
67	1309
67	1310
67	1320
67	1367
67	1393
67	1394
67	1498
67	1500
67	1570
67	1612
67	1693
67	1696
67	1697
67	1698
67	1702
67	1706
67	1707
67	1708
67	1710
67	1711
67	1714
67	1717
67	1719
67	1720
67	1730
67	1732
67	1739
67	1741
67	1742
67	1747
67	1756
67	1768
67	1936
67	1944
67	2062
67	2229
67	2356
67	2555
67	2915
67	2934
67	3384
67	3417
67	3792
67	3882
67	4736
67	4757
67	4871
67	4872
67	4885
67	4887
67	4892
67	4944
67	4945
67	4946
67	4947
67	4948
67	4949
67	4950
67	4951
67	4952
67	4953
67	4954
67	4955
67	4956
67	4957
67	4958
67	4959
67	4960
67	4961
67	4962
67	4963
67	4964
67	4965
67	4966
67	4967
67	4968
67	4969
67	4970
67	4971
67	4972
67	4973
67	4974
68	0
68	17
68	18
68	20
68	27
68	37
68	47
68	49
68	50
68	58
68	75
68	80
68	83
68	101
68	103
68	104
68	105
68	106
68	112
68	115
68	116
68	146
68	183
68	189
68	191
68	280
68	412
68	836
68	909
68	1003
68	1096
68	1102
68	1149
68	1150
68	1156
68	1160
68	1175
68	1178
68	1182
68	1183
68	1196
68	1208
68	1211
68	1213
68	1220
68	1228
68	1242
68	1248
68	1251
68	1253
68	1269
68	1280
68	1283
68	1324
68	1334
68	1387
68	1393
68	1500
68	1506
68	1526
68	1540
68	1544
68	1553
68	1600
68	1608
68	1614
68	2740
68	4547
68	4559
68	4664
68	4676
68	4711
68	4736
68	4746
68	4769
68	4804
68	4842
68	4854
68	4859
68	4976
68	4977
68	4978
68	4979
68	4980
68	4981
68	4982
69	0
69	30
69	40
69	49
69	99
69	102
69	109
69	115
69	116
69	117
69	189
69	280
69	362
69	389
69	454
69	457
69	477
69	485
69	505
69	689
69	730
69	808
69	824
69	825
69	959
69	981
69	984
69	986
69	1013
69	1017
69	1027
69	1029
69	1033
69	1040
69	1051
69	1059
69	1239
69	1271
69	1353
69	1501
69	1505
69	1578
69	1628
69	1640
69	1648
69	1664
69	1668
69	1729
69	1815
69	1898
69	2262
69	2410
69	2453
69	2748
69	3253
69	3540
69	3773
69	3885
69	4300
69	4357
69	4441
69	4627
69	4639
69	4710
69	4723
69	4767
69	4768
69	4793
69	4843
69	4880
69	4983
69	4984
69	4985
69	4986
69	4987
69	4988
69	4989
69	4990
69	4991
69	4992
69	4993
69	4994
69	4995
69	4996
69	4997
69	4998
69	4999
69	5000
69	5001
69	5002
69	5003
69	5004
69	5005
69	5006
69	5007
69	5008
69	5009
69	5010
69	5011
69	5012
69	5013
69	5014
69	5015
69	5016
69	5017
69	5018
69	5019
69	5020
69	5021
69	5022
69	5023
69	5024
69	5025
69	5026
69	5027
69	5028
69	5029
69	5030
69	5032
69	5033
69	5034
69	5035
69	5036
69	5037
69	5038
69	5039
69	5040
69	5042
69	5043
69	5044
69	5045
69	5046
69	5047
69	5048
69	5049
69	5050
69	5051
69	5052
69	5053
69	5054
69	5055
69	5057
69	5058
69	5059
69	5061
69	5062
69	5063
69	5064
69	5067
69	5068
69	5069
69	5072
69	5073
69	5075
69	5076
69	5077
69	5078
69	5079
70	0
70	30
70	47
70	65
70	5080
70	5081
71	0
71	17
71	18
71	27
71	37
71	40
71	49
71	50
71	58
71	83
71	115
71	280
71	1161
71	1178
71	1180
71	1208
71	1242
71	1248
71	1251
71	1635
71	1651
71	4778
71	4840
71	5082
71	5083
72	0
72	27
72	30
72	50
72	61
72	5084
72	5085
72	5086
72	5087
72	5088
73	0
74	0
74	1
74	4
74	5
74	7
74	11
74	12
74	26
74	29
74	30
74	35
74	40
74	42
74	45
74	54
74	56
74	91
74	93
74	97
74	124
74	134
74	135
74	139
74	140
74	142
74	149
74	163
74	235
74	274
74	301
74	421
74	438
74	535
74	649
74	1861
74	1901
74	2133
74	2934
74	5089
74	5090
75	0
75	17
75	18
75	20
75	21
75	27
75	30
75	49
75	50
75	58
75	67
75	68
75	80
75	82
75	83
75	101
75	103
75	104
75	105
75	106
75	109
75	112
75	115
75	116
75	183
75	189
75	191
75	280
75	783
75	896
75	980
75	1003
75	1096
75	1102
75	1105
75	1139
75	1140
75	1150
75	1158
75	1159
75	1160
75	1163
75	1168
75	1171
75	1175
75	1178
75	1182
75	1183
75	1196
75	1200
75	1208
75	1211
75	1213
75	1220
75	1226
75	1228
75	1241
75	1242
75	1244
75	1246
75	1248
75	1249
75	1251
75	1269
75	1271
75	1273
75	1280
75	1281
75	1283
75	1310
75	1324
75	1334
75	1500
75	1526
75	1532
75	1540
75	1541
75	1544
75	1585
75	1589
75	1591
75	1609
75	1631
75	1634
75	1638
75	1639
75	1652
75	1666
75	1799
75	2043
75	2079
75	2209
75	2243
75	2282
75	2306
75	2366
75	2786
75	3961
75	4658
75	4664
75	4676
75	4682
75	4687
75	4694
75	4701
75	4703
75	4711
75	4746
75	4757
75	4767
75	4784
75	4790
75	4799
75	4804
75	4976
75	4981
75	5022
75	5091
75	5092
75	5093
75	5094
75	5095
75	5096
75	5097
75	5098
75	5099
75	5100
75	5101
75	5102
75	5103
75	5104
75	5105
75	5106
75	5107
75	5108
75	5109
75	5110
75	5111
75	5112
75	5113
75	5114
75	5115
75	5116
75	5117
75	5118
75	5119
76	0
76	29
76	40
76	47
76	1177
76	1201
76	1580
76	1610
76	1720
76	2777
76	4583
76	4588
76	4592
76	5064
76	5120
76	5121
76	5122
76	5123
76	5124
76	5125
76	5126
76	5127
77	0
77	10
77	28
77	48
77	53
77	60
77	1687
77	1688
77	4607
77	4608
77	4609
77	4610
77	4918
77	4919
77	4921
77	5128
77	5129
77	5130
77	5131
78	0
78	30
78	45
78	223
78	234
78	1514
78	3922
78	5132
78	5133
78	5134
78	5135
78	5136
78	5137
78	5138
78	5139
78	5140
78	5141
78	5142
78	5143
79	0
79	2
79	10
79	33
79	114
79	838
79	839
79	842
79	843
79	844
79	847
79	5144
80	0
80	18
80	20
80	27
80	30
80	47
80	49
80	58
80	67
80	68
80	75
80	83
80	101
80	103
80	104
80	105
80	109
80	112
80	115
80	168
80	191
80	280
80	370
80	412
80	703
80	773
80	896
80	918
80	962
80	980
80	1001
80	1003
80	1004
80	1096
80	1105
80	1107
80	1139
80	1140
80	1158
80	1159
80	1160
80	1164
80	1168
80	1175
80	1182
80	1208
80	1213
80	1222
80	1228
80	1241
80	1246
80	1248
80	1251
80	1253
80	1256
80	1281
80	1310
80	1321
80	1324
80	1334
80	1387
80	1437
80	1500
80	1526
80	1528
80	1532
80	1534
80	1540
80	1544
80	1580
80	1596
80	1604
80	1609
80	1631
80	1634
80	1641
80	1666
80	1699
80	1725
80	1853
80	2043
80	2062
80	2168
80	2243
80	2306
80	2359
80	2469
80	2836
80	3140
80	3577
80	3690
80	3846
80	4194
80	4376
80	4623
80	4624
80	4642
80	4658
80	4664
80	4667
80	4676
80	4682
80	4686
80	4687
80	4705
80	4732
80	4742
80	4770
80	4804
80	4882
80	4976
80	4981
80	5085
80	5094
80	5095
80	5097
80	5098
80	5106
80	5108
80	5111
80	5118
80	5145
80	5146
80	5147
80	5148
80	5149
80	5150
80	5151
80	5152
80	5153
80	5154
80	5155
80	5156
80	5157
80	5158
80	5159
80	5160
80	5161
80	5162
80	5163
80	5164
80	5165
80	5166
80	5167
80	5168
80	5169
80	5170
80	5171
80	5172
80	5173
80	5174
80	5175
80	5176
80	5177
80	5178
80	5179
80	5180
80	5181
80	5182
80	5183
80	5184
80	5185
80	5186
80	5187
80	5188
80	5189
80	5190
80	5191
80	5192
80	5193
80	5194
80	5195
80	5196
80	5197
80	5198
81	0
81	88
81	954
82	0
82	30
82	75
82	117
82	121
82	191
82	1403
82	1833
82	1919
82	5199
82	5200
82	5201
82	5202
82	5203
82	5204
82	5205
83	0
83	17
83	18
83	20
83	27
83	30
83	36
83	45
83	49
83	50
83	58
83	68
83	71
83	75
83	80
83	95
83	101
83	103
83	108
83	112
83	115
83	156
83	161
83	169
83	174
83	182
83	183
83	189
83	190
83	191
83	836
83	948
83	969
83	1003
83	1096
83	1102
83	1138
83	1139
83	1140
83	1152
83	1160
83	1175
83	1178
83	1180
83	1191
83	1196
83	1208
83	1209
83	1211
83	1218
83	1220
83	1226
83	1232
83	1240
83	1248
83	1250
83	1252
83	1253
83	1255
83	1257
83	1259
83	1262
83	1266
83	1269
83	1270
83	1272
83	1273
83	1278
83	1280
83	1282
83	1410
83	1505
83	1540
83	1564
83	1631
83	1634
83	1915
83	1987
83	2082
83	2163
83	2167
83	2173
83	2189
83	2195
83	2283
83	2360
83	2364
83	2410
83	2593
83	2610
83	2836
83	3154
83	3284
83	3295
83	4320
83	4617
83	4665
83	4676
83	4718
83	4786
83	4804
83	4985
83	5152
83	5206
83	5207
83	5208
83	5209
83	5210
83	5211
83	5212
83	5213
83	5214
83	5215
83	5216
83	5217
83	5218
83	5219
83	5220
83	5221
83	5222
83	5223
83	5224
83	5225
83	5226
83	5227
83	5228
83	5229
83	5230
83	5231
83	5232
83	5233
83	5234
83	5235
83	5236
83	5237
83	5238
83	5239
83	5240
83	5241
83	5242
83	5243
83	5244
83	5245
83	5246
83	5247
83	5248
83	5249
83	5250
84	0
84	2
84	34
84	1355
84	5251
85	0
85	120
86	0
86	13
86	43
86	51
86	61
86	67
86	105
86	106
86	118
86	916
86	925
86	967
86	976
86	979
86	1023
86	1024
86	1321
86	1353
86	1682
86	2093
86	2956
86	4657
86	4871
86	5252
86	5253
86	5254
86	5255
86	5256
86	5257
86	5258
86	5259
86	5260
86	5261
86	5262
86	5263
86	5264
86	5265
86	5266
86	5267
87	0
87	13
87	27
87	43
87	51
87	67
87	88
87	98
87	105
87	106
87	582
87	966
87	1853
87	5268
87	5269
87	5270
87	5271
87	5272
87	5273
87	5274
87	5275
87	5276
87	5277
87	5278
87	5279
87	5280
87	5281
87	5282
87	5283
87	5284
88	0
88	13
88	30
88	31
88	43
88	81
88	87
88	106
88	112
88	120
88	121
88	446
88	1109
88	1177
88	1403
88	1410
88	1500
88	3363
88	4559
88	5285
88	5286
88	5287
88	5288
88	5289
88	5290
88	5291
88	5292
88	5293
88	5294
88	5295
88	5296
88	5297
88	5298
88	5299
89	0
89	30
89	5300
89	5301
89	5302
89	5303
89	5304
90	0
90	30
90	1124
90	1126
90	5305
91	0
91	1
91	4
91	5
91	7
91	11
91	12
91	26
91	29
91	30
91	42
91	54
91	56
91	74
91	93
91	97
91	135
91	137
91	140
91	148
91	540
91	548
91	713
91	1470
91	3063
91	3437
91	5306
91	5307
92	0
92	13
92	17
92	29
92	35
92	50
92	51
92	61
92	66
92	67
92	106
92	162
92	743
92	773
92	833
92	888
92	914
92	916
92	967
92	976
92	979
92	987
92	1324
92	1751
92	1767
92	1873
92	1944
92	2062
92	4937
92	5308
92	5309
92	5310
92	5311
92	5312
92	5313
93	0
93	1
93	4
93	5
93	7
93	11
93	30
93	35
93	38
93	42
93	45
93	56
93	74
93	91
93	135
93	137
93	140
93	531
93	535
93	548
93	2802
94	0
94	30
94	37
94	112
94	1182
95	0
95	30
95	83
95	109
95	110
95	305
95	375
95	1646
95	1816
95	1971
95	3558
95	3732
95	4793
95	5314
95	5315
95	5316
95	5317
95	5318
95	5319
95	5320
95	5321
95	5322
95	5323
95	5324
95	5325
95	5326
95	5327
95	5328
95	5329
95	5330
95	5331
95	5332
95	5333
95	5334
95	5335
95	5336
95	5337
95	5338
95	5339
95	5340
95	5341
95	5342
95	5343
95	5344
95	5345
95	5346
95	5347
95	5348
95	5349
95	5350
95	5351
95	5352
95	5353
95	5354
95	5355
95	5356
95	5357
95	5358
95	5359
95	5360
95	5361
95	5362
95	5363
96	0
96	5364
97	0
97	1
97	5
97	7
97	11
97	26
97	30
97	35
97	38
97	42
97	74
97	91
97	134
97	531
97	535
97	3063
97	5365
97	5366
97	5367
97	5368
97	5369
97	5370
97	5371
97	5372
98	0
98	13
98	27
98	43
98	47
98	49
98	51
98	67
98	87
98	105
98	967
98	1321
98	3882
98	4871
98	4968
98	5271
98	5272
98	5275
98	5277
98	5278
98	5280
98	5281
98	5284
98	5373
98	5374
99	0
99	30
99	69
99	117
99	825
99	1505
99	1531
99	2358
99	4639
99	4710
99	4728
99	5005
99	5288
99	5294
99	5375
99	5376
99	5377
99	5378
99	5379
99	5380
99	5381
99	5382
99	5383
99	5384
99	5385
99	5386
99	5387
99	5388
99	5389
99	5390
99	5391
99	5392
100	0
100	10
101	0
101	21
101	24
101	27
101	49
101	50
101	68
101	75
101	80
101	83
101	104
101	112
101	115
101	189
101	731
101	1096
101	1099
101	1102
101	1163
101	1183
101	1208
101	1211
101	1248
101	1253
101	1269
101	1271
101	1281
101	1436
101	1437
101	1544
101	1608
101	4393
101	4676
101	4769
101	4799
101	4856
101	5041
101	5052
101	5175
101	5393
101	5394
101	5395
101	5396
101	5397
101	5398
101	5399
102	0
102	29
102	30
102	35
102	36
102	49
102	52
102	67
102	69
102	109
102	116
102	157
102	185
102	191
102	200
102	202
102	221
102	277
102	297
102	305
102	375
102	446
102	448
102	491
102	503
102	516
102	527
102	528
102	703
102	730
102	836
102	908
102	915
102	969
102	977
102	1033
102	1055
102	1231
102	1253
102	1567
102	1570
102	1645
102	1693
102	1695
102	1696
102	1697
102	1698
102	1702
102	1707
102	1714
102	1721
102	1722
102	1730
102	1732
102	1737
102	1739
102	1741
102	1756
102	1758
102	1762
102	1766
102	1768
102	1775
102	1787
102	1861
102	1870
102	1898
102	1968
102	2147
102	2189
102	2217
102	2222
102	2229
102	2239
102	2278
102	2284
102	2293
102	2314
102	2374
102	2413
102	2432
102	2475
102	2495
102	2513
102	2555
102	2630
102	2724
102	3393
102	3398
102	3399
102	3504
102	3530
102	3792
102	4057
102	4186
102	4236
102	4312
102	4530
102	4696
102	4723
102	4767
102	4769
102	4770
102	4793
102	4826
102	4835
102	4841
102	4880
102	4886
102	4887
102	4888
102	4889
102	4890
102	4892
102	4893
102	4899
102	4947
102	4949
102	4951
102	4952
102	4959
102	4961
102	4964
102	4973
102	4974
102	5026
102	5038
102	5062
102	5066
102	5202
102	5268
102	5269
102	5270
102	5273
102	5391
102	5400
102	5401
102	5402
102	5403
102	5404
102	5405
102	5406
102	5407
102	5408
102	5409
102	5410
102	5411
102	5412
102	5413
102	5414
102	5415
102	5416
102	5417
102	5418
102	5419
102	5420
102	5421
102	5422
102	5423
102	5425
102	5426
102	5427
102	5428
102	5429
102	5430
102	5431
102	5432
102	5433
102	5434
102	5435
102	5436
102	5437
102	5438
102	5439
102	5440
102	5441
102	5442
102	5443
102	5444
102	5445
102	5446
102	5447
102	5448
102	5449
102	5450
102	5451
102	5452
102	5453
102	5454
102	5455
102	5456
102	5457
102	5458
102	5459
102	5460
102	5461
102	5462
102	5463
102	5464
102	5465
102	5466
102	5467
102	5468
102	5469
102	5470
102	5471
102	5472
102	5473
102	5474
102	5475
102	5476
102	5477
102	5478
102	5479
102	5480
102	5481
102	5482
102	5483
102	5484
102	5485
102	5486
102	5487
102	5488
102	5489
102	5490
102	5491
102	5492
102	5493
102	5494
102	5495
102	5496
102	5497
102	5498
102	5499
102	5500
102	5501
102	5502
102	5503
102	5504
102	5505
102	5506
102	5507
102	5508
102	5509
102	5510
102	5511
102	5512
102	5513
102	5514
102	5515
102	5516
102	5517
102	5518
102	5519
102	5520
102	5521
102	5522
102	5523
102	5524
102	5525
102	5526
102	5527
102	5528
102	5529
102	5530
102	5531
102	5532
102	5533
102	5534
102	5535
102	5536
102	5537
102	5538
102	5539
102	5540
102	5541
102	5542
102	5543
102	5544
102	5545
102	5546
102	5547
102	5548
102	5549
102	5550
102	5551
102	5552
102	5553
102	5554
102	5555
102	5556
102	5557
102	5558
102	5559
102	5560
102	5561
102	5562
102	5563
102	5564
102	5565
102	5566
102	5567
102	5568
102	5569
102	5570
102	5571
103	0
103	17
103	18
103	30
103	36
103	40
103	49
103	51
103	58
103	68
103	75
103	80
103	83
103	112
103	115
103	280
103	378
103	580
103	995
103	1003
103	1051
103	1096
103	1160
103	1178
103	1179
103	1180
103	1192
103	1201
103	1208
103	1218
103	1219
103	1226
103	1242
103	1244
103	1246
103	1248
103	1251
103	1255
103	1259
103	1269
103	1271
103	1273
103	1278
103	1280
103	1283
103	1344
103	1348
103	1350
103	1351
103	1526
103	1528
103	1541
103	1544
103	1564
103	1580
103	1588
103	2410
103	4664
103	4676
103	4746
103	4779
103	4948
103	5572
103	5573
103	5574
104	0
104	49
104	68
104	75
104	80
104	101
104	105
104	112
104	115
104	189
104	191
104	1003
104	1105
104	1150
104	1163
104	1175
104	1182
104	1209
104	1222
104	1251
104	1280
104	1281
104	1334
104	1500
104	1544
104	1899
104	2043
104	2786
104	3577
104	4676
104	4682
104	5085
104	5098
104	5111
104	5118
104	5158
104	5178
104	5575
104	5576
105	0
105	13
105	30
105	39
105	51
105	58
105	67
105	68
105	75
105	80
105	86
105	87
105	98
105	104
105	106
105	112
105	118
105	896
105	916
105	979
105	994
105	1112
105	1242
105	1324
105	1717
105	3540
105	5270
105	5271
105	5282
105	5577
105	5578
105	5579
105	5580
105	5581
105	5582
105	5583
106	0
106	13
106	29
106	30
106	35
106	51
106	66
106	67
106	68
106	75
106	86
106	87
106	88
106	92
106	105
106	118
106	199
106	743
106	773
106	875
106	914
106	960
106	962
106	963
106	966
106	967
106	968
106	969
106	975
106	976
106	979
106	987
106	994
106	1011
106	1014
106	1018
106	1024
106	1324
106	1663
106	1717
106	4549
106	4619
106	4871
106	5584
106	5585
106	5586
106	5587
107	0
108	0
108	20
108	27
108	30
108	36
108	44
108	49
108	83
108	112
108	116
108	146
108	149
108	150
108	163
108	168
108	190
108	191
108	207
108	208
108	217
108	221
108	223
108	229
108	234
108	237
108	252
108	254
108	280
108	295
108	305
108	316
108	319
108	320
108	322
108	344
108	353
108	364
108	368
108	370
108	383
108	408
108	412
108	413
108	414
108	415
108	417
108	430
108	431
108	433
108	439
108	444
108	447
108	479
108	481
108	483
108	491
108	520
108	526
108	527
108	561
108	580
108	686
108	688
108	692
108	719
108	724
108	743
108	773
108	831
108	945
108	962
108	963
108	1008
108	1112
108	1120
108	1138
108	1154
108	1158
108	1160
108	1179
108	1207
108	1239
108	1264
108	1300
108	1302
108	1307
108	1318
108	1319
108	1329
108	1333
108	1386
108	1497
108	1500
108	1501
108	1502
108	1505
108	1508
108	1509
108	1512
108	1514
108	1520
108	1531
108	1533
108	1536
108	1538
108	1540
108	1542
108	1552
108	1557
108	1578
108	1590
108	1619
108	1632
108	1654
108	1665
108	1674
108	1677
108	1679
108	1758
108	1771
108	1775
108	1786
108	1798
108	1811
108	1812
108	1817
108	1825
108	1840
108	1872
108	1877
108	1878
108	1890
108	1898
108	1899
108	1905
108	1915
108	1917
108	1955
108	1956
108	1968
108	1970
108	1994
108	2007
108	2011
108	2036
108	2038
108	2042
108	2053
108	2081
108	2090
108	2132
108	2136
108	2140
108	2147
108	2151
108	2152
108	2155
108	2163
108	2169
108	2176
108	2177
108	2184
108	2189
108	2197
108	2198
108	2204
108	2205
108	2211
108	2215
108	2216
108	2218
108	2222
108	2230
108	2232
108	2239
108	2241
108	2243
108	2244
108	2246
108	2250
108	2255
108	2256
108	2257
108	2261
108	2268
108	2271
108	2273
108	2278
108	2284
108	2287
108	2293
108	2294
108	2305
108	2309
108	2311
108	2312
108	2314
108	2316
108	2320
108	2322
108	2327
108	2333
108	2347
108	2349
108	2356
108	2360
108	2371
108	2375
108	2377
108	2380
108	2387
108	2393
108	2400
108	2404
108	2407
108	2408
108	2418
108	2421
108	2431
108	2434
108	2436
108	2462
108	2469
108	2477
108	2483
108	2484
108	2495
108	2507
108	2510
108	2515
108	2517
108	2519
108	2521
108	2536
108	2543
108	2587
108	2601
108	2605
108	2620
108	2623
108	2624
108	2644
108	2645
108	2660
108	2669
108	2672
108	2684
108	2702
108	2704
108	2712
108	2713
108	2715
108	2716
108	2717
108	2719
108	2732
108	2740
108	2747
108	2749
108	2751
108	2752
108	2753
108	2759
108	2767
108	2826
108	2878
108	2921
108	2933
108	2934
108	2938
108	2966
108	2992
108	3064
108	3147
108	3193
108	3208
108	3232
108	3241
108	3247
108	3289
108	3295
108	3305
108	3314
108	3339
108	3350
108	3360
108	3397
108	3409
108	3526
108	3558
108	3604
108	3635
108	3654
108	3664
108	3672
108	3682
108	3689
108	3690
108	3710
108	3732
108	3734
108	3735
108	3739
108	3750
108	3769
108	3786
108	3792
108	3846
108	3884
108	3905
108	3946
108	3949
108	3969
108	3982
108	4004
108	4029
108	4031
108	4085
108	4089
108	4096
108	4122
108	4150
108	4171
108	4172
108	4193
108	4201
108	4236
108	4244
108	4272
108	4277
108	4293
108	4325
108	4370
108	4387
108	4404
108	4406
108	4414
108	4434
108	4439
108	4442
108	4488
108	4530
108	4605
108	4620
108	4621
108	4624
108	4629
108	4638
108	4650
108	4655
108	4662
108	4666
108	4669
108	4680
108	4681
108	4685
108	4710
108	4716
108	4730
108	4735
108	4770
108	4774
108	4783
108	4791
108	4819
108	4821
108	4829
108	4830
108	4831
108	4840
108	4843
108	4960
108	4982
108	5016
108	5025
108	5039
108	5152
108	5166
108	5196
108	5213
108	5220
108	5226
108	5243
108	5254
108	5259
108	5281
108	5415
108	5417
108	5419
108	5424
108	5425
108	5448
108	5450
108	5461
108	5473
108	5491
108	5495
108	5503
108	5571
108	5588
108	5589
108	5590
108	5591
108	5592
108	5593
108	5594
108	5595
108	5596
108	5597
108	5598
108	5599
108	5600
108	5601
108	5602
108	5603
108	5604
108	5605
108	5606
108	5607
108	5608
108	5609
108	5610
108	5611
108	5612
108	5613
108	5614
108	5615
108	5616
108	5617
108	5618
108	5619
108	5620
108	5621
108	5622
108	5623
108	5624
108	5625
108	5626
108	5627
108	5628
108	5629
108	5630
108	5631
108	5632
108	5633
108	5634
108	5635
108	5636
108	5637
108	5638
108	5639
108	5640
108	5641
108	5642
108	5643
108	5644
108	5645
108	5646
108	5647
108	5648
108	5649
108	5650
108	5652
108	5653
108	5654
108	5655
108	5656
108	5657
108	5658
108	5659
108	5660
108	5661
108	5662
108	5663
108	5664
108	5665
108	5666
108	5667
108	5668
108	5669
108	5670
108	5671
108	5672
108	5673
108	5674
108	5675
108	5676
108	5677
108	5678
108	5679
108	5680
108	5681
108	5682
108	5683
108	5684
108	5685
108	5686
108	5687
108	5688
108	5689
108	5690
108	5691
108	5692
108	5693
108	5694
108	5695
108	5696
108	5697
108	5698
108	5699
108	5700
108	5701
108	5702
108	5703
108	5704
108	5705
108	5706
108	5707
108	5708
108	5709
108	5710
108	5711
108	5712
108	5713
108	5714
108	5715
108	5716
108	5717
108	5718
108	5719
108	5720
108	5721
108	5722
108	5723
108	5724
108	5725
108	5726
108	5727
108	5728
108	5729
108	5730
108	5731
108	5732
108	5733
108	5734
108	5735
108	5736
108	5737
108	5738
108	5739
108	5740
108	5741
108	5742
108	5743
108	5744
108	5745
108	5746
108	5747
108	5748
108	5749
108	5750
108	5751
108	5752
108	5753
108	5754
108	5756
108	5757
108	5758
108	5759
108	5760
108	5761
108	5762
108	5763
108	5764
108	5765
108	5766
108	5767
108	5768
108	5769
108	5770
108	5771
108	5772
108	5773
108	5774
108	5775
108	5776
108	5777
108	5778
108	5779
108	5780
108	5781
108	5782
108	5783
108	5784
108	5785
108	5786
108	5787
108	5788
108	5789
108	5790
108	5791
108	5792
108	5793
108	5794
108	5795
108	5796
108	5797
108	5798
108	5799
108	5800
108	5801
108	5802
108	5803
108	5804
108	5805
108	5806
108	5807
108	5808
108	5809
108	5810
108	5811
108	5812
108	5813
108	5814
108	5815
108	5816
108	5817
108	5818
108	5819
108	5820
108	5821
108	5822
108	5823
108	5824
108	5825
108	5826
108	5827
108	5828
108	5829
108	5830
108	5831
108	5832
108	5833
108	5834
108	5835
108	5836
108	5837
108	5838
108	5839
108	5840
108	5841
108	5842
108	5843
108	5844
108	5845
108	5846
108	5847
108	5848
108	5849
108	5850
108	5851
108	5852
108	5853
108	5854
108	5855
108	5856
108	5857
108	5858
108	5859
108	5860
108	5861
108	5862
108	5863
108	5864
108	5865
108	5866
108	5867
108	5868
108	5869
108	5870
108	5871
108	5872
108	5873
108	5874
108	5875
108	5876
108	5877
108	5878
108	5879
108	5880
108	5881
108	5882
108	5883
108	5884
108	5885
108	5886
108	5887
108	5888
108	5889
108	5890
108	5891
108	5892
108	5893
108	5894
108	5895
108	5896
108	5897
108	5898
108	5899
108	5900
108	5901
108	5902
108	5903
108	5904
108	5905
108	5906
108	5907
108	5908
108	5909
108	5910
108	5911
108	5912
108	5913
108	5914
108	5915
108	5916
108	5917
108	5918
108	5919
108	5920
108	5921
108	5922
108	5923
108	5924
108	5925
108	5926
108	5927
108	5928
108	5929
108	5930
108	5931
108	5932
108	5933
108	5934
108	5935
108	5936
108	5937
108	5938
108	5939
108	5940
108	5941
108	5942
108	5943
108	5944
108	5945
108	5946
108	5947
108	5948
108	5949
108	5950
108	5951
108	5952
108	5953
108	5954
108	5955
108	5956
108	5957
108	5958
108	5959
108	5960
108	5961
108	5962
108	5963
108	5964
108	5965
108	5966
108	5967
108	5968
108	5969
108	5970
108	5971
108	5972
108	5973
108	5974
108	5975
108	5976
108	5977
108	5978
108	5979
108	5980
108	5981
108	5982
108	5983
108	5984
108	5985
108	5986
108	5987
108	5988
108	5989
108	5990
108	5991
108	5992
108	5993
108	5994
108	5995
108	5996
108	5997
108	5998
108	5999
108	6000
108	6001
108	6002
108	6003
108	6004
108	6005
108	6006
108	6007
108	6008
108	6009
108	6010
108	6011
108	6012
108	6013
108	6014
108	6015
108	6016
108	6017
108	6018
108	6019
108	6020
108	6021
108	6022
108	6023
108	6024
108	6025
108	6026
108	6027
108	6028
108	6029
108	6030
108	6031
108	6032
108	6033
108	6034
108	6035
108	6036
108	6037
108	6038
108	6039
108	6040
108	6041
108	6042
108	6043
108	6044
109	0
109	17
109	30
109	37
109	49
109	69
109	75
109	80
109	95
109	102
109	115
109	116
109	191
109	199
109	232
109	316
109	383
109	477
109	485
109	824
109	1051
109	1097
109	1107
109	1135
109	1151
109	1165
109	1178
109	1269
109	1501
109	1542
109	1590
109	1668
109	1679
109	1775
109	1815
109	1817
109	1898
109	1905
109	1999
109	2282
109	2774
109	3097
109	3336
109	3528
109	4381
109	4505
109	4530
109	4582
109	4638
109	4659
109	4760
109	4767
109	4794
109	5012
109	5032
109	5038
109	5040
109	5193
109	5320
109	5753
109	5768
109	5919
109	5982
109	6045
109	6047
109	6048
109	6049
109	6050
109	6051
109	6052
109	6053
109	6054
109	6055
109	6056
109	6057
109	6058
109	6059
109	6060
109	6061
109	6062
109	6063
109	6064
109	6065
109	6066
109	6067
109	6068
109	6069
109	6070
109	6071
109	6072
109	6073
109	6074
109	6075
109	6076
109	6077
109	6078
109	6079
109	6080
109	6081
109	6082
109	6083
109	6084
109	6085
109	6086
109	6087
109	6088
109	6089
109	6090
109	6091
109	6092
109	6093
109	6094
109	6095
109	6096
109	6097
109	6098
110	0
110	95
110	457
110	1398
110	1501
110	3529
110	3732
110	4793
110	5331
110	5337
110	5348
110	6099
110	6100
110	6101
110	6102
110	6103
110	6104
110	6105
111	0
111	34
112	0
112	3
112	17
112	18
112	20
112	24
112	27
112	31
112	36
112	37
112	49
112	50
112	58
112	61
112	67
112	68
112	75
112	80
112	83
112	88
112	94
112	101
112	103
112	104
112	105
112	108
112	115
112	116
112	168
112	169
112	187
112	189
112	202
112	221
112	223
112	254
112	280
112	295
112	305
112	315
112	320
112	352
112	378
112	412
112	413
112	415
112	417
112	439
112	447
112	449
112	452
112	457
112	467
112	478
112	496
112	516
112	526
112	703
112	719
112	765
112	773
112	836
112	887
112	896
112	903
112	924
112	962
112	963
112	974
112	979
112	980
112	984
112	1003
112	1021
112	1072
112	1079
112	1096
112	1105
112	1139
112	1140
112	1143
112	1149
112	1150
112	1156
112	1158
112	1159
112	1160
112	1163
112	1168
112	1171
112	1172
112	1175
112	1177
112	1178
112	1180
112	1182
112	1190
112	1197
112	1200
112	1207
112	1208
112	1209
112	1213
112	1218
112	1219
112	1220
112	1242
112	1244
112	1246
112	1248
112	1251
112	1253
112	1271
112	1280
112	1300
112	1308
112	1310
112	1315
112	1316
112	1324
112	1331
112	1334
112	1343
112	1354
112	1356
112	1376
112	1387
112	1408
112	1451
112	1500
112	1501
112	1504
112	1506
112	1513
112	1520
112	1521
112	1526
112	1528
112	1529
112	1532
112	1540
112	1544
112	1553
112	1554
112	1558
112	1559
112	1573
112	1578
112	1580
112	1585
112	1586
112	1587
112	1590
112	1603
112	1607
112	1609
112	1614
112	1625
112	1626
112	1631
112	1639
112	1642
112	1644
112	1646
112	1652
112	1654
112	1660
112	1661
112	1663
112	1664
112	1665
112	1666
112	1668
112	1989
112	1998
112	2090
112	2136
112	2173
112	2218
112	2421
112	2434
112	2451
112	2475
112	2490
112	2613
112	2631
112	2632
112	2660
112	2664
112	2682
112	2767
112	3514
112	3715
112	3732
112	3740
112	4547
112	4605
112	4618
112	4620
112	4629
112	4642
112	4655
112	4664
112	4672
112	4676
112	4682
112	4687
112	4693
112	4694
112	4696
112	4701
112	4711
112	4723
112	4724
112	4730
112	4732
112	4736
112	4746
112	4775
112	4793
112	4794
112	4797
112	4811
112	4812
112	4819
112	4820
112	4821
112	4827
112	4830
112	4835
112	4836
112	4839
112	4857
112	4871
112	4874
112	4884
112	4976
112	4984
112	5016
112	5098
112	5104
112	5106
112	5107
112	5157
112	5168
112	5174
112	5189
112	5196
112	5220
112	5331
112	5408
112	5491
112	5641
112	5719
112	5720
112	5750
112	5805
112	5835
112	5847
112	5867
112	5883
112	5935
112	6034
112	6044
112	6106
112	6107
112	6108
112	6109
112	6110
112	6111
112	6112
112	6113
112	6114
112	6115
112	6116
112	6117
112	6118
112	6119
112	6120
112	6121
112	6122
112	6123
112	6124
112	6125
112	6126
112	6127
112	6128
112	6129
112	6130
112	6131
112	6132
112	6133
112	6134
112	6135
112	6136
112	6137
112	6138
112	6139
112	6140
112	6141
112	6142
112	6143
112	6144
112	6145
112	6146
112	6147
112	6148
112	6149
112	6150
112	6151
112	6152
112	6153
112	6154
112	6155
112	6156
112	6157
112	6158
112	6159
112	6160
112	6161
112	6162
112	6163
112	6164
112	6165
112	6166
112	6167
113	0
113	2
114	0
114	2
114	10
114	33
114	79
114	837
115	0
115	13
115	17
115	18
115	22
115	27
115	30
115	36
115	37
115	45
115	49
115	50
115	58
115	68
115	69
115	71
115	75
115	80
115	83
115	101
115	103
115	104
115	109
115	112
115	116
115	183
115	189
115	236
115	280
115	305
115	364
115	378
115	412
115	484
115	485
115	505
115	974
115	1003
115	1035
115	1051
115	1096
115	1102
115	1139
115	1148
115	1149
115	1151
115	1161
115	1168
115	1175
115	1178
115	1180
115	1182
115	1183
115	1187
115	1190
115	1196
115	1208
115	1209
115	1211
115	1213
115	1218
115	1219
115	1220
115	1228
115	1244
115	1246
115	1248
115	1249
115	1251
115	1258
115	1269
115	1271
115	1273
115	1280
115	1334
115	1526
115	1532
115	1541
115	1580
115	1614
115	1642
115	1664
115	1666
115	1668
115	1674
115	1679
115	1681
115	2189
115	2282
115	2306
115	2453
115	2786
115	2798
115	4183
115	4822
115	4840
115	5008
115	5045
115	5079
115	5082
115	5083
115	5092
115	5098
115	5107
115	5109
115	5110
115	5193
115	5381
115	6065
115	6085
115	6168
115	6169
115	6170
115	6171
115	6172
115	6173
115	6174
115	6175
115	6176
115	6177
115	6178
115	6179
115	6180
115	6181
115	6182
115	6183
116	0
116	3
116	6
116	20
116	27
116	30
116	44
116	49
116	68
116	69
116	75
116	102
116	108
116	109
116	112
116	115
116	169
116	177
116	190
116	195
116	199
116	208
116	217
116	221
116	223
116	229
116	237
116	254
116	265
116	278
116	295
116	304
116	305
116	310
116	317
116	319
116	320
116	322
116	324
116	325
116	327
116	342
116	349
116	362
116	364
116	383
116	389
116	408
116	414
116	415
116	417
116	419
116	430
116	437
116	439
116	444
116	446
116	447
116	449
116	457
116	459
116	465
116	492
116	493
116	501
116	505
116	519
116	527
116	561
116	562
116	601
116	615
116	636
116	659
116	686
116	719
116	743
116	758
116	831
116	896
116	901
116	948
116	962
116	970
116	981
116	1013
116	1029
116	1033
116	1092
116	1110
116	1154
116	1158
116	1162
116	1192
116	1205
116	1212
116	1219
116	1229
116	1230
116	1247
116	1248
116	1257
116	1302
116	1304
116	1307
116	1313
116	1333
116	1362
116	1428
116	1451
116	1505
116	1508
116	1512
116	1520
116	1522
116	1533
116	1537
116	1542
116	1559
116	1578
116	1590
116	1595
116	1605
116	1631
116	1632
116	1646
116	1670
116	1674
116	1700
116	1758
116	1775
116	1791
116	1815
116	1816
116	1817
116	1845
116	1879
116	1898
116	1899
116	1901
116	1902
116	1917
116	1936
116	1951
116	1955
116	1968
116	1970
116	1997
116	2000
116	2014
116	2033
116	2048
116	2075
116	2077
116	2087
116	2090
116	2120
116	2129
116	2130
116	2137
116	2140
116	2147
116	2151
116	2152
116	2163
116	2168
116	2184
116	2205
116	2211
116	2216
116	2218
116	2219
116	2235
116	2239
116	2244
116	2257
116	2261
116	2268
116	2273
116	2278
116	2305
116	2311
116	2312
116	2314
116	2329
116	2347
116	2359
116	2364
116	2400
116	2408
116	2418
116	2432
116	2462
116	2484
116	2495
116	2515
116	2521
116	2535
116	2536
116	2597
116	2605
116	2623
116	2624
116	2626
116	2645
116	2668
116	2669
116	2675
116	2697
116	2700
116	2705
116	2711
116	2712
116	2715
116	2717
116	2719
116	2740
116	2747
116	2749
116	2751
116	2756
116	2759
116	2767
116	2798
116	2911
116	2921
116	2923
116	2938
116	2977
116	2986
116	3029
116	3108
116	3111
116	3115
116	3193
116	3209
116	3217
116	3239
116	3241
116	3286
116	3289
116	3311
116	3337
116	3340
116	3350
116	3397
116	3409
116	3450
116	3492
116	3504
116	3559
116	3577
116	3579
116	3580
116	3633
116	3640
116	3644
116	3662
116	3672
116	3678
116	3679
116	3681
116	3682
116	3686
116	3689
116	3694
116	3706
116	3714
116	3715
116	3725
116	3732
116	3733
116	3735
116	3738
116	3744
116	3747
116	3755
116	3759
116	3762
116	3764
116	3765
116	3768
116	3771
116	3774
116	3781
116	3784
116	3786
116	3788
116	3790
116	3792
116	3794
116	3795
116	3796
116	3800
116	3803
116	3815
116	3825
116	3831
116	3837
116	3844
116	3861
116	3864
116	3866
116	3873
116	3881
116	3898
116	3922
116	3923
116	3924
116	3926
116	3929
116	3930
116	3932
116	3939
116	3949
116	3958
116	3965
116	3977
116	3980
116	3982
116	3985
116	3992
116	3998
116	4004
116	4029
116	4034
116	4041
116	4042
116	4045
116	4055
116	4058
116	4069
116	4078
116	4085
116	4098
116	4099
116	4112
116	4136
116	4144
116	4145
116	4171
116	4172
116	4175
116	4178
116	4191
116	4193
116	4194
116	4195
116	4224
116	4232
116	4267
116	4278
116	4281
116	4286
116	4288
116	4297
116	4308
116	4311
116	4334
116	4341
116	4344
116	4345
116	4354
116	4356
116	4357
116	4363
116	4367
116	4368
116	4374
116	4378
116	4385
116	4394
116	4403
116	4404
116	4405
116	4406
116	4410
116	4414
116	4417
116	4419
116	4420
116	4428
116	4433
116	4439
116	4444
116	4446
116	4447
116	4454
116	4465
116	4469
116	4477
116	4479
116	4482
116	4483
116	4488
116	4490
116	4504
116	4505
116	4508
116	4509
116	4512
116	4513
116	4517
116	4523
116	4527
116	4549
116	4553
116	4605
116	4640
116	4648
116	4655
116	4668
116	4691
116	4723
116	4749
116	4757
116	4787
116	4829
116	4831
116	4834
116	4840
116	4841
116	4843
116	4862
116	4928
116	4960
116	4974
116	5016
116	5018
116	5021
116	5039
116	5044
116	5077
116	5168
116	5208
116	5213
116	5226
116	5232
116	5331
116	5414
116	5420
116	5442
116	5443
116	5448
116	5473
116	5488
116	5495
116	5529
116	5571
116	5592
116	5593
116	5594
116	5599
116	5605
116	5610
116	5613
116	5627
116	5632
116	5638
116	5648
116	5653
116	5658
116	5664
116	5671
116	5673
116	5684
116	5691
116	5692
116	5711
116	5719
116	5727
116	5728
116	5744
116	5748
116	5754
116	5758
116	5760
116	5764
116	5768
116	5771
116	5793
116	5799
116	5808
116	5809
116	5861
116	5866
116	5867
116	5886
116	5912
116	5913
116	5914
116	5932
116	5934
116	5939
116	5946
116	5955
116	5957
116	5959
116	5962
116	5971
116	5977
116	5981
116	6002
116	6007
116	6012
116	6014
116	6018
116	6021
116	6023
116	6028
116	6032
116	6055
116	6067
116	6095
116	6158
116	6172
116	6184
116	6185
116	6186
116	6187
116	6188
116	6189
116	6190
116	6191
116	6192
116	6193
116	6194
116	6195
116	6196
116	6197
116	6198
116	6199
116	6200
116	6201
116	6202
116	6203
116	6204
116	6205
116	6206
116	6207
116	6208
116	6209
116	6210
116	6211
116	6212
116	6213
116	6214
116	6215
116	6216
116	6217
116	6218
116	6219
116	6220
116	6221
116	6222
116	6223
116	6224
116	6225
116	6226
116	6227
116	6228
116	6229
116	6230
116	6231
116	6232
116	6233
116	6234
116	6235
116	6236
116	6237
116	6238
116	6239
116	6240
116	6241
116	6242
116	6243
116	6244
116	6245
116	6246
116	6247
116	6248
116	6249
116	6250
116	6251
116	6252
116	6253
116	6254
116	6255
116	6256
116	6257
116	6258
116	6259
116	6260
116	6261
116	6262
116	6263
116	6264
116	6265
116	6266
116	6267
116	6268
116	6269
116	6270
116	6271
116	6272
116	6273
116	6274
116	6275
116	6276
116	6277
116	6278
116	6279
116	6280
116	6281
116	6282
116	6283
116	6284
116	6285
116	6286
116	6287
116	6288
116	6289
116	6290
116	6291
116	6292
116	6293
116	6294
116	6295
116	6296
116	6297
116	6298
116	6299
116	6300
116	6301
116	6302
116	6303
116	6304
116	6305
116	6306
116	6307
116	6308
116	6309
116	6310
116	6311
116	6312
116	6313
116	6314
116	6315
116	6316
116	6317
116	6318
116	6319
116	6320
116	6321
116	6322
116	6323
116	6324
116	6325
116	6326
116	6327
116	6328
116	6329
116	6330
116	6331
116	6332
116	6333
116	6334
116	6335
116	6336
116	6337
116	6338
116	6339
116	6340
116	6341
116	6342
116	6343
116	6344
116	6345
116	6346
116	6347
116	6348
116	6349
116	6350
116	6351
116	6352
116	6353
116	6354
116	6355
116	6356
116	6357
116	6358
116	6359
116	6360
116	6361
116	6362
116	6363
116	6364
116	6365
116	6366
116	6367
116	6368
116	6369
116	6370
116	6371
116	6372
116	6373
116	6374
116	6375
116	6376
116	6377
116	6378
116	6379
116	6380
116	6381
116	6382
116	6383
116	6384
116	6385
116	6386
116	6387
116	6388
116	6389
116	6390
116	6391
116	6392
116	6393
116	6394
116	6395
116	6396
116	6397
116	6398
116	6399
116	6400
116	6401
116	6402
116	6403
116	6404
116	6405
116	6406
116	6407
116	6408
116	6409
116	6410
116	6411
116	6412
116	6413
116	6414
116	6415
116	6416
116	6417
116	6418
116	6419
116	6420
116	6421
116	6422
116	6423
116	6424
116	6425
116	6426
116	6427
116	6428
116	6429
116	6430
116	6431
116	6432
116	6433
116	6434
116	6435
116	6436
116	6437
116	6438
116	6439
116	6440
116	6441
116	6442
116	6443
116	6444
116	6445
116	6446
116	6447
116	6448
116	6449
116	6450
116	6451
116	6452
116	6453
116	6454
116	6455
116	6456
116	6457
116	6458
116	6459
116	6460
116	6461
116	6462
116	6463
116	6464
116	6465
116	6466
116	6467
116	6468
116	6469
116	6470
116	6471
116	6472
116	6473
116	6474
116	6475
116	6476
116	6477
116	6478
116	6479
116	6480
116	6481
116	6482
116	6483
116	6484
116	6485
116	6486
116	6487
116	6488
116	6489
116	6490
116	6491
116	6492
116	6493
116	6494
116	6495
116	6496
116	6497
116	6498
116	6499
116	6500
116	6501
116	6502
116	6503
116	6504
116	6505
117	0
117	69
117	82
117	99
117	765
117	1334
117	1450
117	1451
117	1833
117	1919
117	2342
117	2358
117	2748
117	3889
117	4142
117	4326
117	5005
117	5199
117	5201
117	5202
117	6506
117	6507
117	6508
117	6509
117	6510
117	6511
117	6512
117	6513
117	6514
117	6515
117	6516
117	6517
118	0
118	13
118	51
118	67
118	86
118	105
118	106
118	979
118	984
118	987
118	1006
118	1013
118	1017
118	1023
118	1024
118	1027
118	1029
118	1038
118	1050
118	1061
118	4357
118	5033
118	5058
118	6518
118	6519
118	6520
118	6521
118	6522
118	6523
118	6524
118	6525
118	6526
118	6527
118	6528
118	6529
118	6530
119	0
119	34
119	1387
119	1388
120	0
120	31
120	43
120	50
120	85
120	88
120	121
120	947
120	1410
120	2211
120	2660
120	5448
120	6531
120	6532
121	0
121	30
121	43
121	51
121	61
121	82
121	88
121	120
121	168
121	947
121	1625
121	3630
121	5293
121	6533
122	0
122	6534
123	1
123	3
123	4
123	5
123	7
123	9
123	11
123	23
123	26
123	30
123	38
123	40
123	42
123	46
123	124
123	148
123	274
123	287
123	6535
123	6536
123	6537
123	6538
123	6539
123	6540
123	6541
123	6543
123	6545
123	6546
123	6547
124	1
124	3
124	4
124	5
124	7
124	11
124	26
124	29
124	30
124	35
124	42
124	56
124	74
124	123
124	125
124	130
124	132
124	137
124	138
124	140
124	142
124	149
124	159
124	210
124	274
124	279
124	721
124	749
124	3358
124	6548
124	6549
124	6550
124	6551
125	1
125	5
125	7
125	11
125	42
125	124
125	127
125	129
125	544
125	549
125	6552
125	6553
125	6554
125	6555
125	6556
125	6557
125	6558
125	6559
126	1
126	141
127	1
127	5
127	11
127	125
127	857
127	860
127	861
127	864
127	867
127	868
127	871
127	873
128	1
129	1
129	5
129	7
129	42
129	125
129	131
129	133
129	543
129	670
129	709
129	767
129	784
129	789
130	1
130	5
130	7
130	11
130	42
130	56
130	124
130	132
130	134
130	539
131	1
131	7
131	42
131	129
131	133
131	3622
131	6560
132	1
132	5
132	7
132	11
132	56
132	124
132	130
132	6561
132	6562
132	6563
132	6564
133	1