78097 0 50.187402353226034 11.236426420241006 0	
9189 0 -17.96854014359503 -153.48409583038054 0	
58494 0 -24.14203438681109 -146.36702152112832 0	
99334 0 32.566138998701945 -145.78657047064561 0	
26379 0 29.920958794042956 -127.48082064704052 0	
20446 0 -11.998238978066121 -164.10139902756708 0	
45636 0 -15.24331424815744 -160.68478023802075 0	
11 2009-08-15T04:14:57Z	37.25704	-122.034226	a6322e7ecfd011ddaf82003048c10834	
26635 0 -2.4653976492830973 -134.80538982918003 0	
56603 0 -14.798789236309824 -159.09631353229162 0	
38579 0 -20.901036892214005 -150.3426558579376 0	
16 2009-06-19T21:07:33Z	37.33339	-121.88835	ea3fc2e6cfe611dd87a8003048c10834	
54076 0 -20.334676596332024 -146.62645014190852 0	
93981 0 -39.50913439075486 -150.46399515602434 0	
73827 0 27.58714341583146 -116.28451543995763 0	
21429 0 -14.688180970271508 -158.48775764499732 0	
85695 0 -87.59862370987878 -157.01655130385743 0	
2 2008-11-28T17:55:04Z    -13.158333      -72.531389      e6e86be2a22411	
4710 0 69.53014711213972 -162.9252464300602 0	
37 2009-06-07T10:24:07Z	31.5	34.75	9f883d5ea22411dd97b527701cf7b86b	
37 2009-06-07T18:00:32Z	31.961029	34.797607	3cab5664538411de99f3003048c10834	
59533 0 -61.41950269489875 -9.644531390826597 0	
13673 0 19.939868610968805 -141.43634512417438 0	
37 2009-06-11T02:36:03Z	31.999608	34.87321	f06a5998562711dea523003048c0801e	
70414 0 60.281514867376714 155.96493074506014 0	
94280 0 -50.08313266951859 45.44817435709362 0	
775 2009-10-06T03:44:06Z	45.500325	-69.249771	ed800fa0a22411dd8dd2b33ef2569a48	
74220 0 -58.4743333042778 -168.5792146793597 0	
36542 0 -45.48642030296414 150.4409882344965 0	
87598 0 56.412596586003474 -75.4809245378889 0	
96966 0 0.0 0.0 0	
241 0 -13.980310408963886 -118.03054611943745 0	
48939 0 70.05538245086173 -107.3398299220331 0	
10849 0 -19.82092225537836 87.08178587853592 0	
79088 0 -64.11479878212427 -90.83643089816584 0	
